#Coverage (X)	Coverage
1.0	34.308582546323265
2.0	15.863711513429095
3.0	5.628295097322322
4.0	2.2064548101463117
5.0	0.7582782008506541
6.0	0.2812111931959578
7.0	0.09972560757150006
8.0	0.04026805472122419
9.0	0.018608438465889776
10.0	0.011093627633158576
11.0	0.007968005816621826
12.0	0.006601449763351752
13.0	0.005842480249356186
14.0	0.005314254198268031
15.0	0.004930880300378249
16.0	0.004626426610585099
17.0	0.004378255393689301
18.0	0.004153272262115593
19.0	0.003956797267079537
20.0	0.0037951777800344644
21.0	0.0036435746652756507
22.0	0.0035011807426315045
23.0	0.0033769483741536988
24.0	0.0032607511175228865
25.0	0.00315563424342713
26.0	0.003062808522145133
27.0	0.002981320013461186
28.0	0.002896969684130113
29.0	0.002807886343703103
30.0	0.0027358638571968186
31.0	0.002662006870266964
32.0	0.0025943871847715627
33.0	0.0025279415795438354
34.0	0.002463147024684531
35.0	0.002398169019784291
36.0	0.0023386211361327014
37.0	0.002283549433514054
38.0	0.002233137361955073
39.0	0.0021833123305299296
40.0	0.002131542728662339
41.0	0.0020795896767538125
42.0	0.002029764645328669
43.0	0.0019861035353159195
44.0	0.001945744526068438
45.0	0.0019016798259627876
46.0	0.0018635955972285956
47.0	0.0018295839594344443
48.0	0.0017959759117331942
49.0	0.0017642023644555138
50.0	0.0017330892373195184
51.0	0.0017053515909566386
