#Insert size (bp)	insert size
20.0	287.0
21.0	400.0
22.0	631.0
23.0	802.0
24.0	965.0
25.0	1115.0
26.0	1208.0
27.0	1404.0
28.0	1431.0
29.0	1500.0
30.0	1733.0
31.0	1830.0
32.0	1839.0
33.0	1884.0
34.0	1944.0
35.0	1990.0
36.0	1946.0
37.0	2035.0
38.0	2123.0
39.0	2190.0
40.0	2221.0
41.0	2317.0
42.0	2306.0
43.0	2452.0
44.0	2457.0
45.0	2456.0
46.0	2619.0
47.0	2613.0
48.0	2712.0
49.0	2706.0
50.0	2775.0
51.0	2891.0
52.0	2931.0
53.0	2971.0
54.0	2982.0
55.0	3020.0
56.0	3204.0
57.0	3164.0
58.0	3255.0
59.0	3161.0
60.0	3565.0
61.0	3545.0
62.0	3788.0
63.0	3777.0
64.0	3710.0
65.0	3942.0
66.0	3937.0
67.0	3969.0
68.0	4129.0
69.0	4091.0
70.0	4178.0
71.0	4382.0
72.0	4511.0
73.0	4655.0
74.0	4826.0
75.0	4655.0
76.0	4912.0
77.0	4817.0
78.0	5151.0
79.0	5118.0
80.0	5300.0
81.0	5361.0
82.0	5551.0
83.0	5512.0
84.0	5693.0
85.0	5727.0
86.0	5820.0
87.0	6075.0
88.0	6362.0
89.0	6245.0
90.0	6615.0
91.0	6866.0
92.0	7146.0
93.0	7175.0
94.0	7180.0
95.0	7578.0
96.0	7335.0
97.0	7363.0
98.0	7791.0
99.0	7839.0
100.0	8033.0
101.0	8336.0
102.0	8444.0
103.0	8491.0
104.0	8613.0
105.0	8790.0
106.0	8635.0
107.0	9080.0
108.0	9197.0
109.0	9388.0
110.0	9496.0
111.0	9975.0
112.0	10016.0
113.0	9951.0
114.0	10204.0
115.0	10145.0
116.0	10247.0
117.0	10523.0
118.0	10718.0
119.0	11028.0
120.0	11497.0
121.0	12184.0
122.0	12233.0
123.0	11524.0
124.0	9557.0
125.0	9332.0
126.0	10225.0
127.0	11197.0
128.0	12017.0
129.0	14491.0
130.0	17889.0
131.0	27536.0
132.0	41886.0
133.0	46879.0
134.0	24165.0
135.0	22874.0
136.0	22112.0
137.0	23585.0
138.0	23551.0
139.0	26016.0
140.0	25419.0
141.0	23796.0
142.0	23751.0
143.0	24126.0
144.0	24174.0
145.0	24739.0
146.0	24765.0
147.0	25304.0
148.0	25592.0
149.0	25716.0
150.0	26191.0
151.0	26535.0
152.0	26762.0
153.0	27000.0
154.0	27683.0
155.0	27790.0
156.0	28070.0
157.0	28411.0
158.0	28795.0
159.0	29332.0
160.0	29353.0
161.0	29647.0
162.0	30091.0
163.0	30208.0
164.0	30580.0
165.0	30941.0
166.0	30816.0
167.0	31134.0
168.0	31797.0
169.0	32324.0
170.0	32354.0
171.0	32370.0
172.0	33009.0
173.0	33269.0
174.0	33220.0
175.0	33654.0
176.0	34162.0
177.0	34179.0
178.0	34490.0
179.0	34461.0
180.0	34428.0
181.0	35270.0
182.0	35488.0
183.0	35918.0
184.0	35334.0
185.0	36087.0
186.0	35402.0
187.0	36155.0
188.0	36086.0
189.0	35866.0
190.0	36319.0
191.0	36519.0
192.0	36169.0
193.0	36156.0
194.0	36210.0
195.0	36520.0
196.0	36773.0
197.0	36786.0
198.0	36867.0
199.0	36930.0
200.0	36680.0
201.0	36761.0
202.0	36739.0
203.0	36610.0
204.0	36417.0
205.0	36300.0
206.0	36292.0
207.0	36847.0
208.0	36944.0
209.0	36435.0
210.0	36446.0
211.0	36120.0
212.0	36023.0
213.0	35567.0
214.0	35849.0
215.0	35308.0
216.0	35449.0
217.0	35413.0
218.0	35065.0
219.0	35273.0
220.0	34887.0
221.0	35115.0
222.0	34607.0
223.0	34364.0
224.0	34022.0
225.0	34015.0
226.0	33672.0
227.0	34071.0
228.0	33461.0
229.0	33480.0
230.0	33130.0
231.0	33014.0
232.0	32811.0
233.0	32407.0
234.0	32165.0
235.0	31929.0
236.0	31240.0
237.0	31504.0
238.0	31077.0
239.0	31133.0
240.0	30655.0
241.0	30634.0
242.0	29986.0
243.0	29951.0
244.0	29893.0
245.0	29690.0
246.0	29397.0
247.0	29153.0
248.0	28679.0
249.0	28465.0
250.0	28060.0
251.0	28041.0
252.0	27799.0
253.0	27517.0
254.0	27621.0
255.0	27214.0
256.0	27207.0
257.0	26685.0
258.0	26334.0
259.0	26128.0
260.0	25640.0
261.0	25918.0
262.0	25391.0
263.0	25084.0
264.0	24658.0
265.0	24305.0
266.0	24026.0
267.0	23533.0
268.0	23435.0
269.0	23008.0
270.0	23327.0
271.0	22822.0
272.0	22431.0
273.0	22184.0
274.0	22019.0
275.0	21626.0
276.0	21492.0
277.0	21451.0
278.0	20730.0
279.0	20804.0
280.0	20483.0
281.0	20573.0
282.0	20081.0
283.0	20068.0
284.0	19506.0
285.0	19470.0
286.0	19137.0
287.0	18942.0
288.0	18752.0
289.0	18429.0
290.0	18371.0
291.0	18221.0
292.0	17954.0
293.0	17664.0
294.0	17371.0
295.0	17242.0
296.0	17248.0
297.0	16847.0
298.0	16407.0
299.0	16524.0
300.0	16240.0
301.0	16205.0
302.0	15721.0
303.0	15674.0
304.0	15371.0
305.0	15089.0
306.0	15094.0
307.0	14811.0
308.0	14548.0
309.0	14392.0
310.0	14044.0
311.0	13806.0
312.0	13799.0
313.0	13573.0
314.0	13406.0
315.0	13324.0
316.0	13175.0
317.0	12995.0
318.0	12790.0
319.0	12542.0
320.0	12474.0
321.0	12312.0
322.0	11998.0
323.0	11886.0
324.0	11754.0
325.0	11608.0
326.0	11423.0
327.0	11324.0
328.0	11045.0
329.0	11102.0
330.0	10891.0
331.0	10518.0
332.0	10558.0
333.0	10288.0
334.0	10219.0
335.0	10019.0
336.0	9895.0
337.0	9601.0
338.0	9604.0
339.0	9489.0
340.0	9410.0
341.0	9170.0
342.0	8946.0
343.0	9113.0
344.0	8828.0
345.0	8764.0
346.0	8549.0
347.0	8525.0
348.0	8313.0
349.0	8256.0
350.0	8174.0
351.0	8032.0
352.0	7820.0
353.0	7844.0
354.0	7599.0
355.0	7439.0
356.0	7445.0
357.0	7172.0
358.0	7233.0
359.0	7179.0
360.0	7024.0
361.0	6937.0
362.0	6674.0
363.0	6737.0
364.0	6504.0
365.0	6465.0
366.0	6411.0
367.0	6298.0
368.0	6109.0
369.0	6141.0
370.0	6018.0
371.0	5920.0
372.0	5689.0
373.0	5754.0
374.0	5736.0
375.0	5610.0
376.0	5410.0
377.0	5385.0
378.0	5305.0
379.0	5165.0
380.0	5215.0
381.0	4893.0
382.0	4931.0
383.0	5007.0
384.0	4766.0
385.0	4674.0
386.0	4562.0
387.0	4500.0
388.0	4490.0
389.0	4306.0
390.0	4333.0
391.0	4361.0
392.0	4285.0
393.0	4209.0
394.0	4125.0
395.0	3906.0
396.0	3969.0
397.0	3849.0
398.0	3885.0
399.0	3827.0
400.0	3786.0
401.0	3703.0
402.0	3580.0
403.0	3510.0
404.0	3548.0
405.0	3466.0
406.0	3514.0
407.0	3257.0
408.0	3413.0
409.0	3182.0
410.0	3327.0
411.0	3151.0
412.0	3125.0
413.0	3017.0
414.0	2985.0
415.0	2857.0
416.0	2874.0
417.0	2788.0
418.0	2828.0
419.0	2633.0
420.0	2738.0
421.0	2617.0
422.0	2606.0
423.0	2524.0
424.0	2514.0
425.0	2485.0
426.0	2487.0
427.0	2300.0
428.0	2419.0
429.0	2282.0
430.0	2192.0
431.0	2211.0
432.0	2159.0
433.0	2143.0
434.0	2119.0
435.0	2058.0
436.0	2054.0
437.0	2034.0
438.0	2021.0
439.0	1935.0
440.0	1938.0
441.0	1953.0
442.0	1862.0
443.0	1913.0
444.0	1813.0
445.0	1808.0
446.0	1803.0
447.0	1668.0
448.0	1689.0
449.0	1657.0
450.0	1630.0
451.0	1585.0
452.0	1526.0
453.0	1556.0
454.0	1547.0
455.0	1522.0
456.0	1524.0
457.0	1499.0
458.0	1525.0
459.0	1403.0
460.0	1395.0
461.0	1442.0
462.0	1372.0
463.0	1288.0
464.0	1308.0
465.0	1306.0
466.0	1318.0
467.0	1207.0
468.0	1224.0
469.0	1243.0
470.0	1133.0
471.0	1165.0
472.0	1173.0
473.0	1102.0
474.0	1127.0
475.0	1132.0
476.0	1107.0
477.0	999.0
478.0	1062.0
479.0	1023.0
480.0	963.0
481.0	971.0
482.0	904.0
483.0	931.0
484.0	956.0
485.0	919.0
486.0	869.0
487.0	858.0
488.0	819.0
489.0	847.0
490.0	850.0
491.0	822.0
492.0	827.0
493.0	846.0
494.0	795.0
495.0	781.0
496.0	763.0
497.0	707.0
498.0	744.0
499.0	700.0
500.0	696.0
