# Position (bp)	A	C	G	T	N
0.0	38.397896740854904	11.408518803922457	13.753244790958401	36.440339664264236	0.0
1.0	38.08380550896756	11.98202710665881	13.602141033195835	36.332026351177795	0.0
2.0	37.647258359397426	11.851555535409396	13.264954746687216	37.23623135850596	0.0
3.0	37.483477630207155	12.078857108320868	13.107716483084781	37.3299487783872	0.0
4.0	37.494772071377845	11.936479156278802	12.840752156898297	37.72799661544505	0.0
5.0	37.313350860492875	12.105925993079794	12.741595273710772	37.83912787271656	0.0
6.0	37.50120876962362	11.898448241995679	12.682146472659142	37.91819651572156	0.0
7.0	37.322567728872976	12.140066180136893	12.487164377559191	38.050201713430944	0.0
8.0	37.223584606318845	12.00435157064503	12.387788404877385	38.384275418158744	0.0
9.0	37.09604430140671	12.19238324040917	12.32654911382077	38.385023344363354	0.0
10.0	37.21439795717934	11.953273499236964	12.19247389813094	38.63985464545276	0.0
11.0	36.97448740613149	12.160471722345617	12.139537343426559	38.72550352809634	0.0
12.0	37.06055935814333	12.124646812625599	12.159973104875874	38.6548207243552	0.0
13.0	36.88515933094602	12.293655470438027	12.12489612136047	38.69628907725549	0.0
14.0	37.01390085067162	12.108532402580723	12.04699847392835	38.830568272819306	0.0
15.0	37.134785367843705	12.171811492377197	12.135487965187435	38.55791517459166	0.0
16.0	37.19607754257135	12.147182811295952	12.052740129640542	38.60399951649215	0.0
17.0	37.27193539126362	12.147643654714956	11.990042760225435	38.58607950682199	0.004298686973996344
18.0	37.39383225299549	12.142430835713098	11.837556472205854	38.612997295377966	0.013183143707598627
19.0	37.30562228971186	12.148943082060349	11.84560234501307	38.699832283214725	0.0
20.0	37.24516104319334	12.057691155519262	11.881994209820459	38.81515359146694	0.0
21.0	37.27591479021509	12.120879208061435	11.874159653309649	38.729031236812766	1.5111601062798903E-5
22.0	37.334486272972995	12.199364351721954	11.805822818728856	38.660326556576194	0.0
23.0	37.31149040620193	12.214217743993725	11.84757332453824	38.62214614520776	0.004572380058346592
24.0	37.4350919703015	12.062023866683276	11.777916121923992	38.71889826726477	0.0060697738264700795
25.0	37.36846108217131	12.155394307161206	11.845204767131415	38.630924723033985	1.5120502085344045E-5
26.0	37.481954868398994	12.00425937320338	11.797657692577879	38.705261854888676	0.01086621093107548
27.0	37.471759000456004	12.038223589224465	11.85906044177088	38.618348687275216	0.012608281273434897
28.0	37.48796376935707	12.041427934222718	11.788727612308396	38.678241823684886	0.00363886042693138
29.0	37.509068146072536	11.944701618551042	11.834578552070473	38.68258670025421	0.029064983051732416
30.0	37.594230191355585	11.98818002154179	11.829061433460016	38.558516689588565	0.03001166405404976
31.0	37.476247712031075	12.158135326618803	11.824299129104858	38.53552574544725	0.005792086798017062
32.0	37.64497074134424	11.974914768757596	11.779326912699654	38.59247177987221	0.008315797326296968
33.0	37.66506447577175	12.002476999345902	11.823270308841575	38.50843063121513	7.575848256365493E-4
34.0	37.66931315187226	11.940405620267933	11.786295290275856	38.591966908110734	0.012019029473221702
35.0	37.50933077452611	11.960591781277168	11.812436479286042	38.68050359157592	0.0371373733347595
36.0	37.644249387544605	11.936076392393367	11.691336888874465	38.72279419944249	0.005543131745075693
37.0	37.48472681517649	11.977848230889593	11.698235547023508	38.805457173034	0.03373223387641699
38.0	37.6134521575686	11.861321442714823	11.642879586924234	38.860819803452415	0.02152700933992969
39.0	37.631397592558145	11.94194758814422	11.692058277700115	38.734596541597526	0.0
40.0	37.73054035487472	11.882221631127992	11.719801490544588	38.6674365234527	0.0
41.0	37.69447945795889	11.862322117884734	11.722311948309267	38.7208864758471	0.0
42.0	37.74892449905068	11.762516077232723	11.65156550415147	38.836993919565124	0.0
43.0	37.63892694018802	11.931798658979307	11.662846502055986	38.75938101778551	0.00704688099117916
44.0	37.73264615593571	11.837695595703517	11.71030044403507	38.719357804325696	0.0
45.0	37.868266138953	11.873679200626999	11.742749934535366	38.51530472588463	0.0
46.0	37.93698593667267	11.819271490129397	11.68496971664731	38.55877285655062	0.0
47.0	37.8946951654068	11.796191166527583	11.627068727119894	38.68204494094572	0.0
48.0	37.971430484453556	11.709576952371217	11.677241606883095	38.641750956292135	0.0
49.0	37.84443247514032	11.76009277531584	11.635680089154041	38.75979466038979	0.0
50.0	37.95257402513164	11.675167538405638	11.588080045169919	38.784178391292805	0.0
51.0	37.99842251455085	11.711635781934184	11.653950246435384	38.605161768531886	0.030829688547685988
52.0	38.08987177853391	11.75587786643998	11.656936038831958	38.476596511014776	0.020717805179374986
53.0	38.13076607599776	11.687886243685965	11.637453357596494	38.54148948482723	0.002404837892549705
54.0	38.24021098043223	11.694984242383692	11.604496624339053	38.452654857219066	0.0076532956259582376
55.0	38.17321407638707	11.757575303706776	11.636859817049212	38.43086831856173	0.0014824842952185602
56.0	38.10666424862116	11.722900241707707	11.673945523942397	38.48807983587058	0.008410149858166646
57.0	38.02729331605888	11.721702141786604	11.678574660455228	38.572429881699286	0.0
58.0	37.9878297841271	11.78477748743491	11.542280858164842	38.68511187027314	0.0
59.0	37.983783768469415	11.701747162687829	11.560763087410358	38.74150808702022	0.012197894412177496
60.0	38.16013975802225	11.650575217774312	11.5773772447621	38.611884794940714	2.2984500631843922E-5
61.0	38.19433584586995	11.650945681497195	11.57204945594414	38.58125851285061	0.001410503838103596
62.0	38.05955295055959	11.705683694721808	11.638437510714555	38.59632584400404	0.0
63.0	38.149457462960974	11.674329957412576	11.68264958267946	38.49356299694699	0.0
64.0	38.031626812854356	11.752723260434292	11.672265867412023	38.543384059299335	0.0
65.0	37.96453765772234	11.769565469968093	11.653080463253627	38.60772177488141	0.005094634174529411
66.0	38.023196823146755	11.741842382350828	11.62729149824529	38.607031108354	6.381879031252292E-4
67.0	37.97526788558941	11.754728799140569	11.619479015587155	38.65051660585594	7.693826927209397E-6
68.0	37.92072836159829	11.72913125350635	11.578834073591725	38.77130631130363	0.0
69.0	37.98816703890391	11.743026339235536	11.543720009389453	38.72254434163313	0.0025422708379732985
70.0	38.019996063785186	11.747758782033685	11.509327156266727	38.708964709976286	0.01395328793812264
71.0	38.0097038508759	11.662132571466483	11.50423574363597	38.78617392179756	0.03775391222408266
72.0	38.11128590655507	11.771232821509834	11.504819449550293	38.61116416390436	0.001497658480444826
73.0	38.053857591787576	11.816535086760384	11.514335605745908	38.61527171570613	0.0
74.0	38.02614902300485	11.772681154316377	11.54645739861082	38.65471242406795	0.0
75.0	38.209892858215014	11.716092993832824	11.57361227728055	38.469120331870585	0.03128153880102342
76.0	38.294145545422694	11.704983342399352	11.614488337743742	38.380451468404765	0.0059313060294513345
77.0	38.22878872731705	11.66990308866944	11.652041355839582	38.449266828173926	0.0
78.0	38.19700170356694	11.666362393655032	11.6877209630869	38.44891493969113	0.0
79.0	38.13234452536434	11.672668195786896	11.654008903214699	38.54097837563407	0.0
80.0	38.090882636120654	11.643338547972792	11.60665636375303	38.65912245215352	0.0
81.0	38.20603604096718	11.654815559367703	11.603780743733697	38.53224989830357	0.003117757627854497
82.0	38.11650350199972	11.69893969230027	11.664839891630804	38.51920331597605	5.135980931503524E-4
83.0	38.212975169445095	11.690757615196262	11.657414577255297	38.43879032922609	6.230887725478303E-5
84.0	38.30854513171902	11.641570275611791	11.647027255588103	38.393097138609164	0.009760198471920875
85.0	38.30226368483352	11.66956022356726	11.642234642625565	38.385941448973654	0.0
86.0	38.299530074446594	11.610025130539865	11.576558877214621	38.513885917798916	0.0
87.0	38.269448103159505	11.657776301783326	11.534935725445019	38.53241433916101	0.005425530451141456
88.0	38.30610731342677	11.678456482935541	11.456582087226721	38.552922231819146	0.005931884591820213
89.0	38.337701578631474	11.63220977855041	11.470682099584085	38.55534093385559	0.004065609378444311
90.0	38.36126084726703	11.62529034524618	11.491570773663236	38.52181529886152	6.273496203750611E-5
91.0	38.29701730068601	11.645618869912933	11.525474344778988	38.53188163409115	7.850530915704767E-6
92.0	38.31203168077529	11.5953360360645	11.565289097449067	38.527343185711146	0.0
93.0	38.37623150344925	11.641102865592307	11.514750029428297	38.467585123318734	3.304782114141509E-4
94.0	38.2089513908944	11.67202580452846	11.551254170603501	38.56353835757825	0.004230276395388573
95.0	38.2495087444823	11.598118046133614	11.565299322377353	38.586758398193886	3.154888128455687E-4
96.0	38.36182924374595	11.62681945556872	11.538891293390495	38.47245211073784	7.896556998493417E-6
97.0	38.34628944200015	11.655817488726735	11.58399210165826	38.41389306168342	7.905931432963511E-6
98.0	38.35216381613668	11.577008638704477	11.612551044713218	38.45826858454228	7.915903342703916E-6
99.0	38.477321977737255	11.562636449329759	11.597684781074346	38.362237903352046	1.1888850659629102E-4
100.0	38.514880739095474	11.572580193949708	11.50673351172332	38.405805555231495	0.0
101.0	38.48870783283163	11.592243689472614	11.528318489903052	38.3907299877927	0.0
102.0	38.513698805648836	11.570823013808864	11.554230603153623	38.361247577388674	0.0
103.0	38.490735312915284	11.639327958351702	11.57637226672685	38.293556492931266	7.96907488922189E-6
104.0	38.39673461335856	11.635685112805884	11.573247712803282	38.39433256103228	0.0
105.0	38.47959178862119	11.674812507926802	11.583634814838316	38.261960888613686	0.0
106.0	38.47401699662665	11.600094851641453	11.529676391200757	38.372218744915585	0.0239930156155477
107.0	38.43656004160103	11.574380424948561	11.52645877696324	38.46260075648718	0.0
108.0	38.537159687809755	11.46461433934105	11.541788534037078	38.41083450558265	0.045602933229471135
109.0	38.5424936836837	11.527022979934515	11.53155746189608	38.3989258744857	0.0
110.0	38.54238940738321	11.46655727714139	11.572830360553803	38.418222954921596	0.0
111.0	38.55536006174349	11.561530216431331	11.60168478166177	38.26102500133902	0.020399938824382742
112.0	38.63213050504212	11.483526113217676	11.620664068651719	38.26367931308849	0.0
113.0	38.54754997506913	11.492444650223083	11.668587746961348	38.29141762774644	0.0
114.0	38.617737908691566	11.50586818787932	11.661796917851209	38.214596985577906	0.0
115.0	38.60086314299474	11.494486504332613	11.627092135526643	38.277468854777375	8.936236862919427E-5
116.0	38.6068015450954	11.490735450433073	11.570317955629783	38.332145048841745	0.0
117.0	38.70188732173845	11.547760395600381	11.563759899795153	38.18659238286601	0.0
118.0	38.74025780999189	11.491042982522297	11.487235293065028	38.28146391442079	0.0
119.0	38.675514149394616	11.455142885918075	11.503255986093382	38.36608697859393	0.0
120.0	38.721278652413645	11.466537617949873	11.485166195221417	38.325121851001086	0.0018956834139764716
121.0	38.687395862852995	11.525828480283504	11.4536692264885	38.32738107234475	0.005725358030246507
122.0	38.63651582062612	11.494478844918149	11.470539435785318	38.39846589867041	0.0
123.0	38.72131705074557	11.505387090904778	11.524962834607368	38.24833302374229	0.0
124.0	38.75437030162798	11.512274545465845	11.521422194234248	38.21193295867194	0.0
125.0	38.70053529015268	11.490518731832882	11.480252324373623	38.255250631994556	0.07344302164625498
126.0	38.84624249088319	11.482184148978146	11.454555313603107	38.21701804653556	0.0
127.0	38.70184259785923	11.548750644137872	11.476760976418579	38.272645781584316	0.0
128.0	38.77381411442294	11.488671223649565	11.53761777711956	38.19989688480794	0.0
129.0	38.84535857721646	11.571025248071273	11.513373147891262	38.070243026821004	0.0
130.0	38.93762012838865	11.653056439404805	11.387449700086123	38.02187373212042	0.0
131.0	39.00519586197086	11.859168738561877	11.122798316583548	38.01283708288371	0.0
132.0	36.286383402420455	10.284575001130886	13.072654055069666	40.35638754137899	0.0
