#Position (bp)	Coverage	Std
3406923.0	0.4134013908446699	1.218943056623906
1.0220768E7	0.6977267607349448	1.3444623934856006
1.7034613E7	0.6525979091100546	1.288013771229946
2.3848458E7	0.7156650907086968	1.3632431599897945
3.0662303E7	0.5589610564960019	1.1651342946727592
3.7476148E7	0.6504769333614134	1.2784492147253297
4.4289993E7	0.7339067736351502	1.390240289544364
5.1103838E7	0.567345602959856	1.1802482981660662
5.7917683E7	0.7188717970543798	1.4319371188560808
6.4731528E7	0.7456290831388152	1.411398457963773
7.1545373E7	0.7030623678701232	1.3404754574191449
7.8359218E7	1.0423666813671282	1.453079797249046
8.5173063E7	0.8171992465340788	1.488277268553707
9.1986908E7	0.7595931518841418	1.407118256253552
9.8800753E7	0.6110210901480735	1.2434044154757853
1.05614598E8	0.5252084542574714	1.1268648778833583
1.12428443E8	0.6095939957542328	1.2371878320458525
1.19242288E8	0.7865738067126563	1.443659814731907
1.26056133E8	0.7511221637709693	1.4119262238456882
1.300790245E8	0.4392859056218738	1.0283882745696333
1.33485947E8	0.8201141652843732	4.451884234123784
1.39683823E8	0.7545390304593075	1.418053938259239
1.46497668E8	0.5828295184290221	1.2032552591845769
1.53311513E8	0.7401992560734798	1.3962932181352978
1.60125358E8	0.6698780204128506	1.3199506049912106
1.66939203E8	0.7197177217855704	1.3782976814564207
1.73753048E8	0.6840920214651199	1.3327309920127657
1.80566893E8	0.8342090258877329	1.5159065221053192
1.87380738E8	0.9323477419870866	1.623816211054929
1.94194583E8	0.8890413562386582	1.5734502320077934
2.01008428E8	0.9179929980796452	1.5997734140089472
2.07822273E8	0.9097176410675617	1.5950514789885617
2.14636118E8	0.8694961508516851	1.5388927168230304
2.21449963E8	0.7597903973454049	1.4313056891254774
2.28263808E8	0.9649344826599372	1.6614184006088102
2.35077653E8	0.9131397911164695	1.5998934945462029
2.41891498E8	0.8548575730736464	1.5462067907765236
2.48705343E8	1.1595439872788418	1.5862664563467288
2.52444901E8	0.7481612756305325	1.4216712967522858
2.558518235E8	0.5387951742956985	23.45049273987664
2.62333033E8	0.6966348662172386	1.3415536010666074
2.69146878E8	0.7348607137379849	1.3981175750559003
2.75960723E8	0.675682819318608	1.3475052471215272
2.82774568E8	0.8359990578006984	1.51302013960786
2.89588413E8	0.5726945652564741	1.1844854544839394
2.96402258E8	0.5674555262117057	1.182001528328266
3.03216103E8	0.5924038483411348	1.21293186273416
3.10029948E8	0.6400694468394864	1.274539390884323
3.16843793E8	0.49358475280843633	1.0911166054000467
3.23657638E8	0.7391678266822918	1.393054429918928
3.30471483E8	0.787775918002244	1.55475890999932
3.37285328E8	0.8835096777223432	1.5771662138492133
3.44099173E8	0.5955266079577684	1.2093927666691278
3.50913018E8	0.6817739470152315	1.332714473946533
3.57726863E8	0.9902206463457857	1.6839615567023256
3.64540708E8	0.9473841861680152	1.6485640616654549
3.704270945E8	0.7019896235638025	1.3597125180201564
3.73834017E8	0.0	0.0
3.78168398E8	0.524224721871425	1.1660322935014515
3.84982243E8	0.6806766223769399	1.3439330870187072
3.91796088E8	0.6619879084422965	1.2989909691523258
3.98609933E8	0.6594495472086612	1.3012758445693862
4.05423778E8	0.7570712277722783	1.4078538883368783
4.12237623E8	0.7756153830913383	1.4349762742767262
4.19051468E8	0.8681537369869728	1.5602336605716063
4.25865313E8	0.9354622830428341	1.6281862444624602
4.32679158E8	0.8503466104673646	1.530014111893637
4.39493003E8	0.6629528555463178	1.315712897486616
4.46306848E8	0.817863042085636	1.4888689135728381
4.53120693E8	0.5522608747337223	1.1579531799102372
4.59934538E8	0.5101354668326034	1.107741337858435
4.66748383E8	0.7689405908117957	1.4320599997471446
4.73562228E8	0.8028794315104028	1.4719764043257715
4.80376073E8	0.6649151837178569	1.3063818275431915
4.87189918E8	0.6845428682337212	1.3214382690993411
4.91962519E8	0.5410398567452003	1.4617513549879284
4.953694415E8	0.0395756215327516	0.29292495403803687
5.00817608E8	0.4742987256094026	1.1273819322007623
5.07631453E8	0.7154816406889208	1.3530260877999583
5.14445298E8	0.8508265157190984	5.513825012472222
5.21259143E8	0.8406286024997633	1.5353652821273371
5.28072988E8	0.8020945589457934	1.4702231850490455
5.34886833E8	0.5372897387598339	1.1846315877779663
5.41700678E8	0.7568710471106989	1.4080629858386093
5.48514523E8	0.7685119048055833	1.4482147489691364
5.55328368E8	0.8798419981669674	1.5651196296854823
5.62142213E8	0.7939393983866672	1.4739308748487854
5.68956058E8	0.7753460784623073	1.4312436023765485
5.75769903E8	0.5279999765183975	1.1399712937656916
5.82583748E8	0.5067337164258946	1.1077516717039355
5.89397593E8	0.5089392259436486	1.1135038571555254
5.96211438E8	0.6491650455799919	1.2839695136554752
6.03025283E8	0.45997436102523614	1.0433137723334678
6.09839128E8	0.6447248213013357	1.2823248004860832
6.15738246E8	0.7230173154553886	1.3874909276054377
6.191451685E8	0.0	0.0
6.23466818E8	0.5481467512102198	1.1787684525926065
6.30280663E8	0.6704197116312449	1.3194788697218458
6.37094508E8	0.46535678460546137	1.0557140253811923
6.43908353E8	0.6431625609329241	1.2840698095603846
6.50722198E8	0.6811519780681833	1.3241721462483478
6.57536043E8	0.7110760517739984	1.3657629737843446
6.64349888E8	0.49666803398081405	1.096769440964219
6.71163733E8	0.6231301122934261	1.2528161573181076
6.77977578E8	0.7262018728045619	1.3756309924963437
6.84791423E8	0.7270009810907058	1.37972988100351
6.91605268E8	0.9213002350361653	2.387441751290879
6.98419113E8	1.023430530045811	1.3974174616445887
7.05232958E8	1.031767819784571	1.4269797817874106
7.12046803E8	0.749945148444087	1.404157555100132
7.18860648E8	0.919524879124782	1.6117157393114512
7.222708485E8	0.0	0.0
7.25677771E8	0.47553996899499934	1.1534660747598442
7.32488338E8	0.8708422337167928	1.6312241859794119
7.39302183E8	0.801320546622355	1.536664659329506
7.46116028E8	0.7906186595086915	1.455064189139239
7.52929873E8	0.8186313307684575	1.4880630707684932
7.59743718E8	0.75519842321039	1.417288238467568
7.66557563E8	0.6467542188001048	1.2812976153016917
7.73371408E8	0.566241233840805	1.1807058054572004
7.80185253E8	0.5950111867822059	1.6002360735870949
7.86999098E8	0.500117041112617	1.098180174746734
7.93812943E8	0.499432699158845	1.2243028920587071
8.00626788E8	0.5346542223957251	1.140735239009319
8.07440633E8	0.5735067351840261	1.202608465922137
8.14254478E8	0.918719313397942	1.6050047518113892
8.190716475E8	0.8742823065746639	1.5567643275254544
8.2247857E8	0.20532304823693184	1.0105080987900619
8.27882168E8	0.8143413887460017	1.4951086710506107
8.34696013E8	0.767402105565947	1.479096054702591
8.41509858E8	0.6204606943656629	1.255004547732368
8.48323703E8	1.0965811520514481	1.5026274304432403
8.55137548E8	0.8767218802306187	1.5673265259709097
8.61951393E8	0.751029117920939	5.251796233612934
8.68765238E8	0.9340247686878701	1.6210518998100705
8.75579083E8	0.7253565351134345	1.3941854431375256
8.82392928E8	0.5908399736125491	1.2165373902762033
8.89206773E8	0.8090398299344936	1.5076745422531668
8.96020618E8	0.7042047478332718	1.3611152042035273
9.02834463E8	0.7739041613068686	1.4359234232055138
9.09648308E8	0.7180092884414013	1.376328219562222
9.14262198E8	0.5188714691986321	1.1188294580111686
9.176691205E8	0.24621480893927375	0.8456109081608505
9.23275998E8	0.7222000206931622	1.3739403738064362
9.30089843E8	0.7269584206861177	1.384826959389868
9.36903688E8	0.6333924531597065	1.2618609450051104
9.43717533E8	0.5984870509969041	1.2145795573394678
9.50531378E8	0.8276438633400085	1.5026524334817268
9.57345223E8	0.6967857355135023	1.3585586835335774
9.64159068E8	0.6103581751566113	1.2355487284625382
9.70972913E8	0.7173746981329925	1.3611915949110278
9.77786758E8	0.8202517081031341	1.496538327404877
9.84600603E8	0.7142597167971975	1.3917022752696917
9.91414448E8	0.850541214248343	1.5284853794687219
9.98228293E8	0.8353933792154062	1.5306505092684115
1.00390351E9	0.49984536840344146	1.1029706216047648
1.0073104325E9	0.0	0.0
1.011855983E9	0.8378843369639315	1.5501259427903236
1.018669828E9	0.6793337682321802	1.3266216955258678
1.025483673E9	0.6839471693295048	1.3285859150699098
1.032297518E9	0.7860015894109713	1.4438051787956059
1.039111363E9	0.6717624190159888	1.3089988819525158
1.045925208E9	0.8082198817261033	1.47440311180579
1.052739053E9	0.8646193155259622	1.5470283566494145
1.059552898E9	0.7686544087809453	1.433614163251711
1.0652815955E9	0.823141346599046	1.5002292969714697
1.068688518E9	0.0	0.0
1.073180588E9	0.5281009474092822	1.1412435015905587
1.079994433E9	0.6694033985216864	1.308943943848411
1.086808278E9	0.6209486714182668	1.2513030304242254
1.093622123E9	0.5308609162668068	1.138294121410594
1.100435968E9	0.6796252336236002	1.3285991706026112
1.107249813E9	0.8447673817059238	1.5209841086032847
1.114063658E9	0.5533215093680587	1.1656511817831527
1.120877503E9	0.6515105641528388	1.280463090380719
1.127691348E9	0.7329839466556695	1.3889396543704597
1.134505193E9	0.6031791154627086	1.2293596911729545
1.141319038E9	0.7989261569642397	1.471889909695823
1.148132883E9	0.6769778296982101	1.331884618091302
1.154946728E9	1.0917109209264373	1.9588245208971373
1.161760573E9	0.7552634378973986	1.4404629844039183
1.168574418E9	0.542953794810419	1.1473863598972276
1.175388263E9	0.570365630565415	1.191619738436482
1.182202108E9	0.5355159972086245	1.1336369333862164
1.189015953E9	0.7612141162588817	1.4324275546181349
1.195829798E9	0.7601835674277886	1.4235053019649768
1.202643643E9	0.9203655204954031	1.6102603355727154
1.209457488E9	0.5067657101093436	1.1122528319226999
1.216271333E9	0.5422888251787353	1.157127358650781
1.223085178E9	0.787175816297553	1.4518861014279036
1.229899023E9	0.7235424345578745	1.3687087238666205
1.236712868E9	0.808668673854483	1.481684100266586
1.243526713E9	0.707353190452674	1.3621971051179145
1.250340558E9	0.878343431645422	1.8806001070965617
1.257154403E9	0.8689016260275952	1.5372775395338854
1.2618183335E9	0.7356703378180568	1.388089489519792
1.265225256E9	0.2411091231767589	0.805005389807014
1.270782093E9	0.707420259779904	1.362490658785538
1.277595938E9	0.6394273717702706	1.2675767487484684
1.284409783E9	0.6788344906583581	1.493382559980744
1.291223628E9	1.1404924825850897	1.5506929967795486
1.298037473E9	0.911390705247918	1.6072895575248207
1.304851318E9	0.5687314577892512	1.2090304821538445
1.311665163E9	0.6092993016424647	1.2340830488160806
1.318479008E9	0.583817653615543	1.1981222162311156
1.325292853E9	0.6386287037641742	1.2703917656762054
1.332106698E9	0.7097544778315327	1.3620626956759936
1.338920543E9	0.7331186723501929	1.3805133828134712
1.345734388E9	0.5841130815273902	1.2043128157874168
1.352548233E9	0.6307933332795214	1.2831247169480036
1.359362078E9	1.376613497958935	78.17272395462294
1.366175923E9	0.7197765725519145	1.3836575376530067
1.372989768E9	0.5844597286847587	1.1985616358369267
1.379803613E9	0.7486855072282976	1.4041097372108435
1.386617458E9	0.7651199873199346	1.4219769871322108
1.393431303E9	0.8798023729626958	1.5521577350356741
1.400245148E9	0.63314721717327	1.2574418965698022
1.407058993E9	0.7394264178301678	1.3887479678276167
1.413872838E9	0.8288315921480456	1.5076065960243774
1.420686683E9	0.9210478078089537	1.6049881098286618
1.427500528E9	0.9927732433009556	1.6895407826389632
1.434314373E9	1.0124907449465024	1.391101429131101
1.441128218E9	0.6657879655319426	1.3869491683717532
1.444861853E9	0.7211401461529632	1.438195827688383
1.4482687755E9	0.2814847039649894	1.4175646767330268
1.454755908E9	0.623337337435765	1.267229245382532
1.461569753E9	0.5678406244932194	1.1879686056857068
1.468383598E9	0.5647715790423762	1.177018636005053
1.475197443E9	0.7605695462693971	1.4190427370290688
1.482011288E9	0.7345133327805373	1.3890669728709486
1.488825133E9	0.5351240012063674	1.1474484576021584
1.495638978E9	0.6765127472080742	1.3289138402078944
1.502452823E9	0.6635161204870378	1.3048099076925401
1.509266668E9	0.6081482628383827	1.2327514707762848
1.516080513E9	0.5923049320904716	1.2259311137961157
1.522894358E9	0.5522894929368073	1.1598611496299702
1.529708203E9	0.7540595654876212	1.4077109107277215
1.536522048E9	0.7611741975345785	1.4407955460720778
1.543335893E9	0.816083283373778	1.4863524748849004
1.550149738E9	0.8362363687462806	1.5205313575836845
1.556963583E9	0.5272765964004171	1.136734356134003
1.563777428E9	0.6536597178245176	1.2854024014889487
1.570591273E9	0.6473854336281497	1.2908622133867977
1.577405118E9	0.7099135656886824	1.3561815925416603
1.584218963E9	0.6336413581465384	1.2608770912113638
1.591032808E9	0.7366128815668687	1.3867023858540484
1.597846653E9	0.7038472404347326	1.3516280266625278
1.6032409105E9	0.5936653860572073	1.214935575856462
1.606647833E9	0.0	0.0
1.611474343E9	0.6577879303095389	1.3077269781243155
1.618288188E9	0.6482871271653523	1.2852054356012406
1.625102033E9	0.5547967410470886	1.1601892650007664
1.631915878E9	0.5158927154932347	1.1161233361460705
1.638729723E9	0.6622359328690336	1.303544781070787
1.645543568E9	0.6055768806011878	1.2640454029994341
1.652357413E9	0.854373265021438	1.5381278241801786
1.659171258E9	0.6974945863899165	1.3433020796383959
1.665985103E9	0.6939509190479091	1.3761890050287453
1.672798948E9	0.574517031132936	1.1859017359148791
1.679612793E9	0.539066121991328	1.14860448566933
1.686426638E9	0.6058395810295069	1.2373569781301743
1.693240483E9	0.6563530576348596	1.293784017556234
1.700054328E9	0.5929519970002253	1.2207570889938426
1.706868173E9	0.7820629908663904	1.437129918317725
1.713682018E9	0.809042031334731	1.4858869987072796
1.720495863E9	0.773545186308171	1.4926418358923905
1.727309708E9	0.8245040795615398	1.524038670161095
1.734123553E9	0.9720065543023065	1.670648811581019
1.740937398E9	1.070662012417365	1.4670404223633307
1.747751243E9	0.955656020939719	1.6738287137409062
1.754565088E9	0.9890697543017195	1.7947790313820766
1.759854186E9	1.098262090862409	1.5206809645224777
1.7632611085E9	0.01109397165562549	0.17267622259488044
1.768192778E9	0.6266751004755758	1.261065055416544
1.775006623E9	0.5450220837133807	1.4441437288380992
1.781820468E9	0.6270599052370578	1.256127486273947
1.788634313E9	0.8729712812663041	1.5591899193586687
1.795448158E9	1.0014929896409444	1.3994392539580909
1.802262003E9	0.7333868028990973	1.3908953212764719
1.809075848E9	0.5958794190358013	1.2107207612236874
1.815889693E9	0.6340047359457105	1.2723582431048792
1.822703538E9	0.5093093547035484	1.1113921951830341
1.829517383E9	0.6688938477467568	1.3173127500129682
1.836331228E9	0.7872923437501147	1.4449957492282706
1.843145073E9	0.47084678327728324	1.0582839248765958
1.849958918E9	0.5892040397161955	1.2115059931602081
1.856772763E9	0.6021608944729444	1.2634434955786524
1.863586608E9	0.7860956625811124	1.4422442403668594
1.870400453E9	0.8471007191974576	1.5295697906820491
1.877214298E9	1.0628071228506077	1.4468876696819168
1.884028143E9	1.0455322949083814	1.4441866136326573
1.890841988E9	0.902347059553013	1.5791377512865294
1.897655833E9	0.9551027356800749	1.6612769715826674
1.904469678E9	0.9887392507460913	1.6926974628063998
1.910723823E9	0.8631071157944278	1.7123790060232247
1.9141307455E9	0.0	0.0
1.918097368E9	0.4832224683713821	1.1775577878134238
1.924911213E9	0.5351392642480127	1.1417354061093752
1.931725058E9	0.5480421113189397	1.1586238252304792
1.938538903E9	0.5614157645206194	1.1733328254546231
1.945352748E9	0.8334295834437091	1.5022421747892918
1.952166593E9	0.7303924582963071	1.384977650699816
1.958980438E9	0.6159133352754576	1.2628027756959983
1.965794283E9	0.8818257533008163	1.5642634233459474
1.972608128E9	0.5795776099984663	1.2010840790688218
1.979421973E9	0.5752906031763271	1.19658432598357
1.986235818E9	0.6831471804832661	1.3365307085902236
1.993049663E9	0.5970182767585702	1.2258487484154053
1.999863508E9	0.9698882202339502	1.6647456205542475
2.006677353E9	0.8543810433022765	1.5273276045263675
2.013491198E9	0.7539478811155815	1.4095157521964754
2.020305043E9	0.6059600710024956	4.842427459435338
2.027118888E9	0.8231119140514643	1.5089449038621017
2.033932733E9	0.8225848988346521	1.5123817091894398
2.040746578E9	0.8457541960523023	1.5318826570760669
2.047560423E9	0.6835829109702378	1.3322502325513836
2.054374268E9	0.7232831096099193	1.3719564737075736
2.060544391E9	0.7929943918293298	1.4641334715732983
2.0639513135E9	0.0	0.0
2.068001958E9	0.5031650998811977	1.1625040575424288
2.074815803E9	0.4950570492871499	1.1184956713288212
2.081629648E9	0.6630938919215216	1.3634594218393623
2.088443493E9	0.7006735550926092	1.3999963729263392
2.095257338E9	0.790401307925261	1.4873465859022723
2.102071183E9	0.7597063038563395	1.4328839721799767
2.108885028E9	0.8833328319032793	1.5819698770910187
2.115698873E9	0.6420109350887788	1.2909263906233088
2.122512718E9	0.5939486442676638	1.2748697062392533
2.129326563E9	0.8366607987120341	1.5133077600120937
2.136140408E9	0.7270648216975878	1.3818403230048806
2.142954253E9	0.8263627951619094	1.493838430567858
2.149768098E9	0.6218304055933177	1.2601641437637692
2.156581943E9	0.6112658858544625	1.2371799435329576
2.163395788E9	0.8601785042072427	1.5430816501283027
2.170209633E9	0.6569064896545196	1.308867811521067
2.177023478E9	0.8382146937595439	1.5129717368025084
2.183837323E9	0.8772901350118766	1.5564053091320553
2.190651168E9	0.9235914524031585	1.6087476488728236
2.197465013E9	0.9650708227146347	1.6538124227866042
2.204278858E9	1.0413701808597056	1.4378038047984016
2.2082174155E9	1.0769287198924073	1.5029741879712333
2.211624338E9	0.3353061215617569	0.9397695535360822
2.217906548E9	0.7800981677745825	1.4529940968312574
2.224720393E9	0.8597201726778346	1.548714767257089
2.231534238E9	0.7509413554314781	1.5255281830880958
2.238348083E9	0.6596522227905096	1.2914996377418415
2.245161928E9	0.6867006807463334	1.3488977349172195
2.251975773E9	0.6381806454358736	1.271113177956847
2.258789618E9	0.594214573416331	1.2216891632875082
2.265603463E9	0.5179278366326208	1.1274618584910765
2.272417308E9	0.5996752200849887	1.2238856653271177
2.279231153E9	0.8495640860630085	1.5533824127500182
2.286044998E9	0.7226998853070477	1.3784735206163377
2.292858843E9	0.8147118110259333	1.4901478221351965
2.299672688E9	0.8998349683622096	1.5833654563933044
2.306486533E9	0.6344875763977608	1.2859612206705366
2.313300378E9	0.7830508325328798	1.4531041378720777
2.320114223E9	0.8281792438777225	1.4938506127204836
2.326928068E9	1.0204113830003472	1.4030951960801827
2.333741913E9	1.0505357841277576	1.453765925377374
2.3376495495E9	0.5529753511984885	1.192182613729526
2.341056472E9	1.2791929760029261	30.786580152871043
2.347369603E9	0.6043009490236423	1.2233692702111532
2.354183448E9	0.6822039538615863	1.3333119123139516
2.360997293E9	0.776388368094666	1.4465721832591565
2.367811138E9	0.7983794759053076	1.4584163946034991
2.374624983E9	0.7838254318963815	18.323915269711353
2.381438828E9	0.9527214076633678	1.6404631453655591
2.388252673E9	0.8092727380796012	1.473558434170212
2.395066518E9	0.8563464534341477	1.536337470207597
2.401880363E9	0.9337696997803736	1.6198636606402104
2.408694208E9	0.8090170821320415	1.4705279087839038
2.415508053E9	0.6943392460497707	1.3440648326259443
2.422321898E9	0.6289604474419362	1.256506267583056
2.429135743E9	0.5948623721261637	1.2224441195298237
2.435949588E9	0.7963889698107309	1.4671887714452096
2.442763433E9	0.8931228990386485	1.5701184065401887
2.449577278E9	0.8446680251752131	1.5284974775162796
2.456391123E9	0.9520909266354018	1.6415861422234246
2.4612717095E9	0.8025285953921654	1.7610280567693732
2.462753523E9	4004.2178661267562	3196.891049967306
2.4646867815E9	0.06787537744616019	0.4348299506988213
2.470018813E9	0.5866144592370387	1.2455331671681167
2.476832658E9	0.673948849731686	1.3147403196132836
2.483646503E9	0.5728402979521842	1.1852834237800993
2.490460348E9	0.16065202539828835	0.609265189007052
2.497274193E9	0.4153273225322854	1.1582689751448412
2.504088038E9	0.5272843746812556	1.1320336094064125
2.510901883E9	0.5812797326619552	1.2034962460838283
2.517715728E9	0.5473954866892334	1.1749425590286633
2.524529573E9	0.5334390494647295	1.1385656796094676
2.531343418E9	0.5550953976792838	1.1650319478867863
2.538157263E9	0.6459496803933755	1.292364851583447
2.544971108E9	0.49223955050342355	1.0847247947938157
2.551784953E9	0.4985361422221961	1.09433223928444
2.558598798E9	0.5911842726096646	1.2181293666757487
2.565412643E9	0.6878776960732156	1.333082613078566
2.572226488E9	0.5027330383946216	1.1777950610272951
2.579040333E9	0.47141489129852526	1.0584384001761562
2.585854178E9	0.31979447727384464	0.8783751700795788
2.592668023E9	0.48763700964726964	1.084490096748515
2.599481868E9	0.5881821497260358	1.2085915901837037
2.606295713E9	0.5834704194181112	1.2549989930782504
2.613109558E9	0.47801146048963544	1.0840472864050203
2.619923403E9	0.5912227237338096	1.2112751417588032
2.626737248E9	0.6493561271205905	1.2824140671274444
2.631968571E9	0.4264732442246097	1.0208564139349994
2.6353754935E9	0.0034337595306731914	0.0780037919400141
2.640364938E9	0.003363592802595304	0.09985868031851462
2.647178783E9	0.0017308876265896861	0.05817587751673238
2.653992628E9	6.47798709832701E-4	0.030907295950586323
2.660806473E9	6.533755904338886E-4	0.03165560594940401
2.667620318E9	5.949651041372383E-4	0.030549090667383542
2.674434163E9	0.0018554868800214857	0.05654998448040194
2.681248008E9	8.393205304787532E-4	0.04614319353411884
2.688061853E9	2.321743450283944E-4	0.016275805004865876
2.694875698E9	6.482389898801631E-4	0.03175512665230976
2.701689543E9	4.5583660913918646E-4	0.02471467551569061
2.708503388E9	3.7071579996316323E-4	0.025324716565770067
2.715317233E9	9.984083876284243E-4	0.039669984240552514
2.7221309125E9	0.0038040576419157575	0.10825868847198727
