# Position (bp)	A	C	G	T	N
0.0	38.45065479165345	11.555979257925143	13.967852775418145	36.02551317500326	0.0
1.0	38.117127787912594	12.142941139153349	13.818635013030848	35.92129605990321	0.0
2.0	37.638399555202774	11.997320849715374	13.471130730877562	36.89314886420429	0.0
3.0	37.48005272167525	12.209500835799988	13.289703336133945	37.02074310639081	0.0
4.0	37.488466166476094	12.113123375012442	13.042109516876147	37.356300941635325	0.0
5.0	37.24711312466443	12.270200132964664	12.911788158099007	37.5708985842719	0.0
6.0	37.45461252766444	12.072300438246991	12.835222586869302	37.63786444721927	0.0
7.0	37.26041990632645	12.306265121635846	12.648463453543085	37.78485151849462	0.0
8.0	37.1414776510539	12.19656153793387	12.541055031794441	38.1209057792178	0.0
9.0	37.03247679952302	12.360104721277079	12.50099285095734	38.10642562824256	0.0
10.0	37.136120124134735	12.169309713280116	12.342027097352517	38.35254306523263	0.0
11.0	36.89583085120594	12.373682280472917	12.297445510534278	38.43304135778687	0.0
12.0	36.964904910666625	12.345044332729369	12.304195607627365	38.385855148976646	0.0
13.0	36.796868109678826	12.48860800232714	12.307941363511876	38.40658252448216	0.0
14.0	36.94395188721626	12.31258326409165	12.21826887022845	38.52519597846364	0.0
15.0	37.03357280382657	12.385583597792724	12.302719225359631	38.278124373021065	0.0
16.0	37.09970699292007	12.355243619836594	12.224290446813876	38.32075894042946	0.0
17.0	37.17760711056646	12.34662386834332	12.163468655050568	38.30821936177993	0.004081004259717432
18.0	37.301655456476766	12.34151777770557	12.007320277214301	38.337385970422844	0.012120518180519386
19.0	37.22107335182873	12.355952799091838	12.039716875010638	38.3832569740688	0.0
20.0	37.15151778521876	12.276718447350603	12.049702183804902	38.522061583625735	0.0
21.0	37.191697495600614	12.350999575779081	12.046642506471803	38.410660422148496	0.0
22.0	37.20034708439755	12.426917678378132	11.988696218282682	38.38403901894164	0.0
23.0	37.21756451286865	12.416880087379836	12.03585751782498	38.325415062598175	0.004282819328363628
24.0	37.318441297304354	12.297555054844853	11.974658584932719	38.403416273166634	0.005928789751438554
25.0	37.232892146329284	12.39698054376282	12.039171882249466	38.3309489747258	6.452932632028615E-6
26.0	37.362520401114665	12.230064030099737	11.988135823176183	38.4092946077803	0.009985137829110983
27.0	37.32855866348843	12.253013168326804	12.039792932645001	38.36668457221661	0.011950663323149553
28.0	37.3715748835276	12.271777842389584	12.002963589466908	38.35013161390722	0.0035520707086820224
29.0	37.36131588831803	12.192566620767572	12.041619026490414	38.37603387634844	0.02846458807554706
30.0	37.45804323795559	12.210186832970207	12.027223811793805	38.27553442522596	0.029011692054428495
31.0	37.38022015762933	12.35976036079069	11.977770878464604	38.27675946817589	0.005489134939488267
32.0	37.491159851996485	12.212372598057243	11.985985899486918	38.30259715042914	0.00788450003020559
33.0	37.52218518902933	12.219687532111418	12.01804399688262	38.239423258852526	6.600231241042775E-4
34.0	37.54859266576856	12.166444729140192	11.996414905138701	38.277192957470206	0.011354742482338327
35.0	37.39876158027109	12.19238581773856	12.018242555890447	38.35447700318669	0.036133042913218325
36.0	37.50595811242851	12.144415055265624	11.89392162376869	38.45052790366454	0.005177304872627932
37.0	37.401435039441544	12.18473993475679	11.905770756727883	38.47508259126529	0.032971677808491986
38.0	37.51076805824692	12.081162992451576	11.849595822826888	38.538196972522435	0.020276153952179802
39.0	37.498419759201155	12.165193376045911	11.897065126168762	38.43932173858417	0.0
40.0	37.578909946836575	12.091885881254818	11.920217523639463	38.40898664826914	0.0
41.0	37.537284661790196	12.093042505066686	11.960919502293377	38.40875333084975	0.0
42.0	37.574537588059734	12.00761504942215	11.864670346944502	38.55317701557362	0.0
43.0	37.504788436173015	12.152769669211024	11.860217278726763	38.475524545577485	0.006700070311708737
44.0	37.57697171291788	12.076711313693744	11.926141263633694	38.42017570975468	0.0
45.0	37.716954967266155	12.100339942198753	11.958833058352944	38.22387203218215	0.0
46.0	37.79468557453401	12.047964323591408	11.893928673646288	38.2634214282283	0.0
47.0	37.78023936171427	12.027306796191613	11.832742807580273	38.35971103451384	0.0
48.0	37.83282714732382	11.935900048684202	11.894853352714755	38.33641945127722	0.0
49.0	37.66791300610395	11.992885066197669	11.863969845349425	38.475232082348946	0.0
50.0	37.773456925487594	11.91217524466777	11.83346886939907	38.48089896044557	0.0
51.0	37.826586915904485	11.94433151283877	11.88072773453877	38.31801771365226	0.030336123065720436
52.0	37.91089748132155	11.989254445452865	11.888273372314643	38.19193385271446	0.01964084819648026
53.0	37.96347862019564	11.952998018040836	11.879143229389944	38.20184991595224	0.0025302164213405532
54.0	38.05758884817711	11.94963482089303	11.828269307305906	38.15746050175172	0.007046521872233305
55.0	37.98327492092538	11.998629020823634	11.871086452399618	38.145610781533655	0.0013988243177135882
56.0	37.9094412173077	11.981764944435566	11.9026355791317	38.19839454886302	0.007763710262014375
57.0	37.82409741988167	11.972039664282766	11.919349002164417	38.284513913671155	0.0
58.0	37.818107367387576	12.011783467099228	11.790271992849657	38.37983717266354	0.0
59.0	37.787092947226775	11.964018811615775	11.811348364732737	38.4258345486541	0.011705327770609867
60.0	37.956321486955076	11.899232278629775	11.81672930096949	38.32771033109469	6.602350965131664E-6
61.0	37.99269623304577	11.909664171616182	11.79783242874643	38.29851156299767	0.0012956035939514878
62.0	37.87250462053686	11.970130731823545	11.881694400918647	38.27567024672095	0.0
63.0	37.92341368086292	11.931571364355964	11.918913826888494	38.22610112789262	0.0
64.0	37.88435339390147	11.988144288508003	11.887603661162624	38.239898656427904	0.0
65.0	37.79944733567792	12.006181855588006	11.90421858416183	38.28542751875994	0.004724705812305181
66.0	37.86370837489929	11.981763083386586	11.880287910266906	38.27340881318766	8.318182595553792E-4
67.0	37.817971759657325	11.99721405883318	11.847820596158355	38.33699358535114	0.0
68.0	37.79703769577974	11.97476313406698	11.822485741055948	38.40571342909734	0.0
69.0	37.83601867512799	11.991012718323148	11.781224359701971	38.38930430321828	0.002439943628611969
70.0	37.85432692722948	11.997395679718153	11.777873762912714	38.356490174911144	0.01391345522850306
71.0	37.80967277779589	11.933281261506405	11.744698619881968	38.47516467614664	0.037182664669104463
72.0	37.92825046006861	12.027995068325168	11.750076070634128	38.29209282626206	0.0015855747100296266
73.0	37.90430463183921	12.063261348070677	11.757793318228417	38.27464070186169	0.0
74.0	37.88415125186535	12.022941542531353	11.78764764700373	38.30525955859957	0.0
75.0	38.03044285895816	11.973032846804333	11.82295937058718	38.14304356575931	0.03052135789102416
76.0	38.09074472517806	11.946902115776828	11.87188594563964	38.084680077659975	0.005787135745492735
77.0	38.06238297622425	11.911761504485364	11.898347152444346	38.127508366846044	0.0
78.0	38.0298117452655	11.911038829450272	11.958513310727344	38.10063611455689	0.0
79.0	37.934228014796744	11.93691813347276	11.904306300900233	38.22454755083026	0.0
80.0	37.89883706098894	11.905378870170631	11.871113160578014	38.32466408378331	6.8244791062771355E-6
81.0	37.97301823441089	11.917380782384612	11.876014952160842	38.2304261412349	0.0031598898087603225
82.0	37.91179861156192	11.948631643426978	11.902593952432426	38.23638626884051	5.895237381672817E-4
83.0	38.00503416067044	11.971268153911142	11.894740226920627	38.12886126609539	9.619240239425637E-5
84.0	38.08195736060635	11.923986549544315	11.922808787509826	38.06172189360442	0.009525408735082197
85.0	38.07125622309264	11.937339494817575	11.899069563591604	38.09233471849818	0.0
86.0	38.10764611045998	11.882152080594567	11.8153973673796	38.19479059921993	1.384234592326994E-5
87.0	38.07412833107623	11.934888760180137	11.805006563845689	38.18071666411893	0.005259680779010071
88.0	38.11297943215789	11.94685534024561	11.732874979241672	38.201550618422516	0.005739629932316197
89.0	38.1195900198857	11.902596274251195	11.759014921564596	38.21464822777864	0.004150556519872063
90.0	38.191814341446154	11.869785505778395	11.770733287211561	38.16762489428484	4.197127905374353E-5
91.0	38.11263025099366	11.919824193167505	11.819065281139252	38.14848027469958	0.0
92.0	38.12559199350338	11.864316848293441	11.83309336925054	38.17699778895264	0.0
93.0	38.160955125556775	11.902308015865302	11.803197525632953	38.13303816886787	5.011640770954111E-4
94.0	37.99915078988082	11.933589984446725	11.815604012910768	38.24731499429364	0.004340218468047319
95.0	38.053871127453846	11.865648251639033	11.818495549684096	38.26157313317311	4.119380499151017E-4
96.0	38.1062745812508	11.901687750755567	11.801779187540031	38.190251355324285	7.1251293121906055E-6
97.0	38.113508882942114	11.932061712379276	11.866132676983325	38.08829672769529	0.0
98.0	38.14247615287892	11.860145375398186	11.880809186523637	38.11656211275526	7.172443986619375E-6
99.0	38.23652215514256	11.84684766373084	11.881001583486832	38.035535044972924	9.355266684110641E-5
100.0	38.289276238920735	11.85894075219852	11.794014127733078	38.057768881147666	0.0
101.0	38.282772148542435	11.851689155870258	11.79286256164093	38.07267613394637	0.0
102.0	38.293168460185285	11.826081480053388	11.845346190630748	38.035403869130576	0.0
103.0	38.268595924722995	11.916834704164593	11.845576148740392	37.96899322237201	0.0
104.0	38.20961400865879	11.873953483363385	11.851419746307922	38.065012761669905	0.0
105.0	38.240881326265914	11.931506388996304	11.863505723989801	37.964106560747986	0.0
106.0	38.2620236436615	11.865868694444252	11.821528157348094	38.02700698865316	0.023572515892997605
107.0	38.19891288161937	11.851012774418862	11.808658571188326	38.14141577277344	0.0
108.0	38.3118973285106	11.750984957486219	11.821490465617483	38.069672234172295	0.0459550142134047
109.0	38.33637007189603	11.792434936631729	11.822162615856554	38.04903237561569	0.0
110.0	38.2954443375858	11.771927596128915	11.848574886772411	38.08405317951287	0.0
111.0	38.29233690199859	11.843532294929748	11.886917072580127	37.95700464628229	0.020209084209236002
112.0	38.37124858224685	11.797241092623919	11.891335822313463	37.94017450281577	0.0
113.0	38.310002944094926	11.789926942857752	11.969139324185555	37.930930788861765	0.0
114.0	38.40459393575708	11.791073302873665	11.949162974373884	37.85516978699537	0.0
115.0	38.39222727582279	11.796943770516128	11.892829655511745	37.91791503317091	8.426497842548437E-5
116.0	38.383448810802655	11.799647873234365	11.855198640741436	37.96170467522154	0.0
117.0	38.52317202314872	11.83977995067876	11.844959291540382	37.79208873463214	0.0
118.0	38.486987343085566	11.80817290490356	11.812040599610729	37.892799152400144	0.0
119.0	38.489679773955146	11.752539009093486	11.78131121996047	37.9764699969909	0.0
120.0	38.51293922976428	11.765926726328749	11.754286721860995	37.965035434558075	0.0018118874879050626
121.0	38.44442301306467	11.840236265979334	11.732763065871554	37.976663435399885	0.005914219684557602
122.0	38.454001889741406	11.78561693999841	11.752826327246826	38.00755484301336	0.0
123.0	38.51285299518517	11.812127300042489	11.78750679574538	37.88751290902696	0.0
124.0	38.567993731374	11.799951712040398	11.807423132655353	37.82463142393025	0.0
125.0	38.52471225745771	11.823076651328392	11.729632297433088	37.84989627531868	0.07268251846214026
126.0	38.644600826126094	11.781555750810185	11.736761883096337	37.83708153996738	0.0
127.0	38.56723551282209	11.85352174200689	11.732914780004391	37.84632796516663	0.0
128.0	38.618025570980436	11.772102185574337	11.845428370144221	37.764443873301005	0.0
129.0	38.67092820243231	11.888259215863242	11.810833137829716	37.62997944387473	0.0
130.0	38.77740265886702	11.960897746189538	11.654628583513464	37.60707101142998	0.0
131.0	38.8466991189211	12.166237830169461	11.427757493290006	37.55930555761943	0.0
132.0	36.07008112860477	10.489502006071309	13.497769748580927	39.942647116743	0.0
