#Position (bp)	mapping quality
3406923.0	32.752266802705
1.0220768E7	33.89981935980003
1.7034613E7	34.00069782069899
2.3848458E7	33.65938326616331
3.0662303E7	33.762796973434845
3.7476148E7	34.006709686211224
4.4289993E7	33.949229382047854
5.1103838E7	33.717478248385525
5.7917683E7	33.6905534819256
6.4731528E7	34.04725484248812
7.1545373E7	34.0981706097703
7.8359218E7	33.78132466974773
8.5173063E7	33.768148054628824
9.1986908E7	34.3490355987055
9.8800753E7	34.158447788984155
1.05614598E8	33.80469020917995
1.12428443E8	34.08881812966288
1.19242288E8	34.12761885606218
1.26056133E8	33.87853353731807
1.300790245E8	32.9838258745355
1.33485947E8	29.06792366029017
1.39683823E8	33.869151298345635
1.46497668E8	33.83600600305692
1.53311513E8	34.276118877715
1.60125358E8	33.98795450487409
1.66939203E8	34.443311592776986
1.73753048E8	34.23557413312218
1.80566893E8	33.88662058196349
1.87380738E8	34.158426274222705
1.94194583E8	34.2181354916562
2.01008428E8	34.14035784137711
2.07822273E8	33.91757657886564
2.14636118E8	34.18639583486649
2.21449963E8	34.24129907627715
2.28263808E8	33.905188113487114
2.35077653E8	33.978190589414034
2.41891498E8	34.12207162841658
2.48705343E8	33.84797833881559
2.52444901E8	33.544070078154824
2.558518235E8	26.79985190873521
2.62333033E8	33.97657350421192
2.69146878E8	31.778713447582863
2.75960723E8	28.832314870684133
2.82774568E8	34.211274973807875
2.89588413E8	34.08624558331958
2.96402258E8	33.95074037502127
3.03216103E8	33.842805783555654
3.10029948E8	33.9229866366575
3.16843793E8	33.99435152726116
3.23657638E8	34.13180028094489
3.30471483E8	33.98309991294357
3.37285328E8	33.95983321201748
3.44099173E8	33.546867953431224
3.50913018E8	34.16277207500933
3.57726863E8	33.77870630971913
3.64540708E8	33.626947596319255
3.704270945E8	33.48514011024051
3.73834017E8	0.0
3.78168398E8	33.23977865534747
3.84982243E8	32.89597964650902
3.91796088E8	33.99622873077093
3.98609933E8	33.54926717863385
4.05423778E8	33.93302925658022
4.12237623E8	34.03718540459341
4.19051468E8	34.196643036515304
4.25865313E8	33.49488594067079
4.32679158E8	33.527536834693045
4.39493003E8	32.00608134403658
4.46306848E8	33.9842603133223
4.53120693E8	33.779979112521325
4.59934538E8	33.64256711193147
4.66748383E8	34.095895135398
4.73562228E8	33.944715443885016
4.80376073E8	34.37110167263751
4.87189918E8	34.05990778173854
4.91962519E8	32.049697077968
4.953694415E8	18.764302116149956
5.00817608E8	30.027296260471726
5.07631453E8	34.11438159937036
5.14445298E8	31.62351053920723
5.21259143E8	34.00840986935381
5.28072988E8	34.20359453780436
5.34886833E8	28.3611935944435
5.41700678E8	33.79562386736063
5.48514523E8	33.287774650383334
5.55328368E8	34.20520851421001
5.62142213E8	34.19683905815024
5.68956058E8	34.01051298028729
5.75769903E8	33.9357616372637
5.82583748E8	33.52073111571606
5.89397593E8	33.865242645767545
5.96211438E8	34.2714894502081
6.03025283E8	33.96521178969777
6.09839128E8	34.215220387634574
6.15738246E8	34.00428936003958
6.191451685E8	0.0
6.23466818E8	33.79133180383225
6.30280663E8	33.91889449000643
6.37094508E8	33.512668609141535
6.43908353E8	34.0030914496818
6.50722198E8	33.78406809007201
6.57536043E8	34.07799223225147
6.64349888E8	33.62905651200469
6.71163733E8	34.013339183666545
6.77977578E8	34.09070460995423
6.84791423E8	34.028828311603995
6.91605268E8	33.765537195203834
6.98419113E8	33.73531887946607
7.05232958E8	33.95890804753022
7.12046803E8	34.298027596814876
7.18860648E8	33.71322751576091
7.222708485E8	0.0
7.25677771E8	33.41606258367731
7.32488338E8	34.166953330286375
7.39302183E8	33.73688250379024
7.46116028E8	34.066161477129015
7.52929873E8	34.184893690905405
7.59743718E8	34.11087516919122
7.66557563E8	34.28919828368486
7.73371408E8	33.931530371046165
7.80185253E8	33.85828428681153
7.86999098E8	34.09355258061108
7.93812943E8	33.9847736902438
8.00626788E8	33.968058640957814
8.07440633E8	34.107920955753464
8.14254478E8	34.13775087615661
8.190716475E8	33.76669040369714
8.2247857E8	32.595489598464255
8.27882168E8	32.78134049260416
8.34696013E8	32.356996679453786
8.41509858E8	32.869123166300156
8.48323703E8	33.829948712073744
8.55137548E8	33.278664317984706
8.61951393E8	31.727723631315616
8.68765238E8	34.11027795672737
8.75579083E8	33.87365216601345
8.82392928E8	34.122491363404684
8.89206773E8	34.08693823975016
8.96020618E8	34.17370041568525
9.02834463E8	34.02270264160919
9.09648308E8	34.04530145098401
9.14262198E8	33.615823913671775
9.176691205E8	31.964786125652275
9.23275998E8	33.75652977397292
9.30089843E8	34.051529641767985
9.36903688E8	34.051598322272525
9.43717533E8	34.17610503977687
9.50531378E8	33.889883866066775
9.57345223E8	33.965090284111135
9.64159068E8	34.02500501336175
9.70972913E8	34.155330927480726
9.77786758E8	34.158814850704985
9.84600603E8	34.00919300040786
9.91414448E8	34.14907869199594
9.98228293E8	34.19499420351317
1.00390351E9	33.552994298359536
1.0073104325E9	0.0
1.011855983E9	33.42735987825995
1.018669828E9	33.71476805919365
1.025483673E9	34.241147262735744
1.032297518E9	34.34342651828624
1.039111363E9	33.94532566794508
1.045925208E9	33.87253837556529
1.052739053E9	34.15240940071447
1.059552898E9	34.23693019483371
1.0652815955E9	33.92591891056114
1.068688518E9	0.0
1.073180588E9	33.49475516604889
1.079994433E9	33.81817306851185
1.086808278E9	33.84721114012415
1.093622123E9	33.72233996202592
1.100435968E9	33.73153977197761
1.107249813E9	34.3622563764373
1.114063658E9	33.12130690641754
1.120877503E9	33.82629797724502
1.127691348E9	34.190002721026325
1.134505193E9	34.14488600765602
1.141319038E9	34.15219042577014
1.148132883E9	33.85697063532909
1.154946728E9	30.26220941182449
1.161760573E9	33.7372901578004
1.168574418E9	33.64985134891501
1.175388263E9	33.80466078613456
1.182202108E9	33.4249144199535
1.189015953E9	34.16869781820951
1.195829798E9	34.02129687922618
1.202643643E9	34.0494472533928
1.209457488E9	33.532091445669494
1.216271333E9	33.74987875743693
1.223085178E9	34.200374592584886
1.229899023E9	34.06595192882263
1.236712868E9	33.87806160384585
1.243526713E9	33.720911574039974
1.250340558E9	34.01579108475736
1.257154403E9	34.17941053221139
1.2618183335E9	33.85334906382148
1.265225256E9	34.069488814809674
1.270782093E9	33.99472371983872
1.277595938E9	33.8947956590824
1.284409783E9	33.5243277822614
1.291223628E9	33.96024263624676
1.298037473E9	33.9768073654505
1.304851318E9	34.00694691023646
1.311665163E9	34.42797249589382
1.318479008E9	33.775258588205304
1.325292853E9	34.157814619591285
1.332106698E9	34.19179712321167
1.338920543E9	34.290893924097915
1.345734388E9	33.5553318847775
1.352548233E9	33.584529590556635
1.359362078E9	17.651452857671792
1.366175923E9	34.248450487578005
1.372989768E9	33.75126418171071
1.379803613E9	34.20004461496754
1.386617458E9	34.18524155691602
1.393431303E9	34.237467507456834
1.400245148E9	34.048892173158805
1.407058993E9	34.36991749460189
1.413872838E9	33.786246199666046
1.420686683E9	34.032427340433856
1.427500528E9	33.973458309378984
1.434314373E9	34.11113248310795
1.441128218E9	32.93359749731957
1.444861853E9	33.53427445454372
1.4482687755E9	32.953559384198044
1.454755908E9	33.2831841884443
1.461569753E9	32.74896941934437
1.468383598E9	33.70473246911726
1.475197443E9	33.887599053952385
1.482011288E9	34.18411923610251
1.488825133E9	33.49638807191604
1.495638978E9	33.99069908298954
1.502452823E9	34.233423488463856
1.509266668E9	33.65463817513661
1.516080513E9	33.919576280131636
1.522894358E9	33.974686006513046
1.529708203E9	34.3812761468613
1.536522048E9	32.83536523408843
1.543335893E9	33.71873975504728
1.550149738E9	34.035614695370384
1.556963583E9	33.70963301130795
1.563777428E9	34.149648760107915
1.570591273E9	34.20611926412501
1.577405118E9	34.083220786394556
1.584218963E9	34.203149760951504
1.591032808E9	34.071488968486
1.597846653E9	34.226756320912045
1.6032409105E9	33.80338096239062
1.606647833E9	0.0
1.611474343E9	33.05875349866635
1.618288188E9	33.8074754693335
1.625102033E9	33.50309988707242
1.631915878E9	33.65337292505461
1.638729723E9	34.06967708564873
1.645543568E9	33.534256176285474
1.652357413E9	34.00597485178819
1.659171258E9	34.028881543233
1.665985103E9	32.721405891202956
1.672798948E9	34.08989595547006
1.679612793E9	33.502430227439234
1.686426638E9	33.904343333017614
1.693240483E9	33.92708922144549
1.700054328E9	34.02963257771795
1.706868173E9	33.92527082735957
1.713682018E9	34.10578452939556
1.720495863E9	33.2624014455444
1.727309708E9	33.968626263629524
1.734123553E9	34.011547308194864
1.740937398E9	34.0190049106791
1.747751243E9	33.069707842447094
1.754565088E9	31.63726420637662
1.759854186E9	33.972645784815796
1.7632611085E9	18.861133280127692
1.768192778E9	33.27576101264922
1.775006623E9	28.132523502192964
1.781820468E9	34.11226489922389
1.788634313E9	33.73089514282338
1.795448158E9	33.88938979938212
1.802262003E9	33.98419750003202
1.809075848E9	34.17595357898444
1.815889693E9	33.99007131927935
1.822703538E9	33.741318683535255
1.829517383E9	33.94337236072535
1.836331228E9	34.14113462459046
1.843145073E9	33.79429082962599
1.849958918E9	33.791185990642
1.856772763E9	31.57233957042976
1.863586608E9	34.048381411614734
1.870400453E9	33.793877456616954
1.877214298E9	33.94613427070579
1.884028143E9	33.935515458454724
1.890841988E9	34.02572451964746
1.897655833E9	33.84903138052361
1.904469678E9	33.482886148910005
1.910723823E9	33.777703627081316
1.9141307455E9	0.0
1.918097368E9	33.0102945906324
1.924911213E9	33.445654510969305
1.931725058E9	33.74838830787457
1.938538903E9	33.81846970251477
1.945352748E9	34.1977014752961
1.952166593E9	33.94808270647231
1.958980438E9	33.618563989460384
1.965794283E9	34.25321770841377
1.972608128E9	33.53955507410198
1.979421973E9	33.52735462089863
1.986235818E9	33.49800198029629
1.993049663E9	34.01867777452747
1.999863508E9	33.8854975011606
2.006677353E9	34.198055867610734
2.013491198E9	34.049243724894325
2.020305043E9	32.86668686566311
2.027118888E9	34.001909760389346
2.033932733E9	33.84536730463664
2.040746578E9	33.74022747125635
2.047560423E9	33.58935903172036
2.054374268E9	34.18884476088191
2.060544391E9	34.12527504874607
2.0639513135E9	0.0
2.068001958E9	31.915937895673576
2.074815803E9	29.79107220887206
2.081629648E9	31.399813510589016
2.088443493E9	32.281046297861394
2.095257338E9	32.197327650105684
2.102071183E9	33.04952186999724
2.108885028E9	33.254424526237635
2.115698873E9	33.992309174653556
2.122512718E9	32.61992540783786
2.129326563E9	34.04173182477012
2.136140408E9	34.23762042281283
2.142954253E9	34.09592381633002
2.149768098E9	33.925046305736814
2.156581943E9	34.11876004034505
2.163395788E9	33.94395988618563
2.170209633E9	33.2096256997506
2.177023478E9	34.39621830826242
2.183837323E9	34.37085266135795
2.190651168E9	34.00666527998673
2.197465013E9	34.32543432074032
2.204278858E9	34.05673563062882
2.2082174155E9	34.0571477975942
2.211624338E9	33.34860333688932
2.217906548E9	34.05792283953172
2.224720393E9	34.027944349607374
2.231534238E9	31.150910002700908
2.238348083E9	34.06724729730211
2.245161928E9	34.04255523317444
2.251975773E9	33.843171979807124
2.258789618E9	33.99614017287718
2.265603463E9	33.410918993052015
2.272417308E9	33.828667181910156
2.279231153E9	33.24819383920462
2.286044998E9	34.235957529549495
2.292858843E9	34.103920148721386
2.299672688E9	34.128076001706646
2.306486533E9	33.850119584576596
2.313300378E9	33.85703803536518
2.320114223E9	34.08154847924495
2.326928068E9	34.076385406142016
2.333741913E9	34.06522251161886
2.3376495495E9	33.29943206956019
2.341056472E9	8.46503397419008
2.347369603E9	33.711525342473905
2.354183448E9	33.81276352972357
2.360997293E9	33.929869059523384
2.367811138E9	34.4309269022951
2.374624983E9	29.47990428516729
2.381438828E9	33.989334836381744
2.388252673E9	34.30940911553121
2.395066518E9	34.09709217393212
2.401880363E9	34.16558659860603
2.408694208E9	34.25788655164238
2.415508053E9	34.11427082804917
2.422321898E9	34.11287044942423
2.429135743E9	33.46911282165149
2.435949588E9	34.27105240219657
2.442763433E9	34.25579724993472
2.449577278E9	33.83767713902524
2.456391123E9	34.085688873816935
2.4612717095E9	33.89885321828171
2.462753523E9	34.361702129941605
2.4646867815E9	19.748208238467868
2.470018813E9	31.32413224587826
2.476832658E9	33.83833723525391
2.483646503E9	33.18601292001911
2.490460348E9	20.37043259173185
2.497274193E9	25.75963965772148
2.504088038E9	33.619201443762776
2.510901883E9	33.670357886763874
2.517715728E9	32.835040542989724
2.524529573E9	33.49568652330505
2.531343418E9	33.553411729371334
2.538157263E9	33.01937042319025
2.544971108E9	33.222291359326235
2.551784953E9	33.10156381551911
2.558598798E9	33.46110582343943
2.565412643E9	33.76964309640178
2.572226488E9	33.24280924641189
2.579040333E9	33.284784823115245
2.585854178E9	30.8106239932447
2.592668023E9	33.53848260577371
2.599481868E9	33.65139645819059
2.606295713E9	33.83070279602694
2.613109558E9	31.306929854078604
2.619923403E9	33.65672831078565
2.626737248E9	33.88645874485718
2.631968571E9	34.003709877669785
2.6353754935E9	7.929057784320943
2.640364938E9	8.878834155067848
2.647178783E9	6.051636425301001
2.653992628E9	6.9832351608518355
2.660806473E9	6.964734950584007
2.667620318E9	3.757030093734583
2.674434163E9	8.112236019931979
2.681248008E9	6.106312292358804
2.688061853E9	5.989254108723135
2.694875698E9	6.672628480869369
2.701689543E9	5.799420476497103
2.708503388E9	2.0110847189231986
2.715317233E9	6.333529325297663
2.7221309125E9	12.071877773062232
