# Position (bp)	A	C	G	T	N
0.0	38.372323651508154	11.403550466362267	13.890997666505534	36.33312821562404	0.0
1.0	38.09784518684787	12.005775163162834	13.60526914630189	36.291110503687406	0.0
2.0	37.72084377436334	11.865583716975262	13.201378013984808	37.21219449467659	0.0
3.0	37.55026842592131	12.094052080149408	13.092647674651895	37.26303181927739	0.0
4.0	37.521843689533476	11.973775454008075	12.898495010522943	37.605885845935504	0.0
5.0	37.33563540933101	12.136796905191185	12.764396502855266	37.763171182622536	0.0
6.0	37.54775046016834	11.928404942753309	12.728108172885952	37.7957364241924	0.0
7.0	37.37358667390189	12.188374807954618	12.499363776033006	37.938674742110486	0.0
8.0	37.26756954365574	12.036233123233552	12.386109177379243	38.31008815573147	0.0
9.0	37.16016551248682	12.222057649297192	12.360565963296946	38.25721087491904	0.0
10.0	37.21508948203963	11.996598726474861	12.225013229418996	38.563298562066514	0.0
11.0	36.99395284267561	12.19344440210432	12.203522997644962	38.6090797575751	0.0
12.0	37.089197926919745	12.16223239881346	12.210733535937566	38.537836138329226	0.0
13.0	36.90398606097247	12.34034144692815	12.171415568030183	38.584256924069194	0.0
14.0	37.00207900487839	12.166514287099263	12.10519441523275	38.7262122927896	0.0
15.0	37.15629430845485	12.213076455943005	12.17703722953749	38.45359200606466	0.0
16.0	37.178673234024046	12.202593908677287	12.11403422548316	38.50469863181551	0.0
17.0	37.28170112150464	12.168816811932196	12.062557310650995	38.48282464590265	0.004100110009519795
18.0	37.38700460370316	12.181951975525912	11.880644383791841	38.537950591318	0.012448445661087194
19.0	37.29657327751618	12.170870233201331	11.931057559081307	38.601492197672435	6.732528751264032E-6
20.0	37.26039084814787	12.081519914298424	11.957479931451127	38.70060930610257	0.0
21.0	37.34871524361036	12.140124048416508	11.954274973137029	38.55687900141792	6.733418183380335E-6
22.0	37.36419428101809	12.240531900092837	11.86982422412942	38.52544959475965	0.0
23.0	37.332618695357795	12.232823179432705	11.929670032438215	38.500570899924575	0.004317192846714532
24.0	37.433192795785125	12.096205472725995	11.863550253439795	38.601049514982776	0.0060019630663039085
25.0	37.3586130596618	12.19087360745448	11.913541864507716	38.53695125616532	2.0212210695048745E-5
26.0	37.47442300647704	12.02403071584314	11.872260185445501	38.619049903810826	0.010236188423497598
27.0	37.48025868228731	12.046532723287775	11.93382244552185	38.52719979666047	0.012186352242602233
28.0	37.47823074840381	12.064035173825014	11.86530058152015	38.58888057101374	0.0035529252372841686
29.0	37.49019161451487	11.984147706935017	11.913159137665899	38.58337646909991	0.02912507178429941
30.0	37.57484927951572	11.998326605827375	11.908032932839815	38.48939481046794	0.029396371349155164
31.0	37.49332014455477	12.164151712337086	11.88217409727489	38.45482798360129	0.005526062231962366
32.0	37.6261134405926	11.975857385112503	11.847315003079416	38.542925360038474	0.0077888111770115336
33.0	37.68804784026312	12.022220366301573	11.91348022007558	38.37561017798586	6.413953738649749E-4
34.0	37.66609957836456	11.959034567622748	11.877712889428588	38.48569188262285	0.011461081961256546
35.0	37.56220865029929	11.975942115148158	11.888385196395033	38.53659690037698	0.0368671377805402
36.0	37.655429458684544	11.962721732533838	11.741775684986475	38.634855788319456	0.005217335475684818
37.0	37.50275493230912	12.00459556512011	11.768813922880284	38.69015441953339	0.03368116015709401
38.0	37.651499786256394	11.865133970679963	11.729096865790318	38.73343943528675	0.020829941986582678
39.0	37.6103023307137	11.977836901864194	11.778195011070318	38.63366575635178	0.0
40.0	37.70946351756174	11.91496913147842	11.786592250308388	38.58897510065146	0.0
41.0	37.66108172167259	11.901561408947986	11.799823268405135	38.637533600974294	0.0
42.0	37.7393185652215	11.768986423258236	11.72389431363232	38.76780069788794	0.0
43.0	37.61851982413006	11.947768671476105	11.744608287398622	38.682367345688576	0.006735871306638411
44.0	37.70106383216727	11.866407536145067	11.795948205442947	38.63658042624471	0.0
45.0	37.868708979864856	11.914269129933286	11.809512337291233	38.407509552910625	0.0
46.0	37.91977238158926	11.87771956806516	11.737520904095117	38.464987146250465	0.0
47.0	37.89253795584437	11.825651759052732	11.696825751895204	38.584984533207695	0.0
48.0	37.949831252998784	11.732677961386253	11.759507403295824	38.55798338231914	0.0
49.0	37.82718783445586	11.79731097231673	11.700125306376776	38.67537588685063	0.0
50.0	37.914572133137405	11.714843997538098	11.673837239820248	38.69674662950425	0.0
51.0	37.95810599384382	11.754949970005542	11.729595162572142	38.52648363040024	0.03086524317825062
52.0	38.031118766521445	11.80466315230239	11.731224306358904	38.41287279709839	0.020120977718876044
53.0	38.0892767557361	11.754771022390837	11.709609035176223	38.44369381058064	0.002649376116194417
54.0	38.21284184723665	11.736466919515188	11.654022536933182	38.38968361678559	0.006985079529389638
55.0	38.14240474436095	11.802853888144048	11.693439341205234	38.35999963451204	0.0013023917777211364
56.0	38.100642914178565	11.746701898093459	11.723476284799785	38.42157121819775	0.007607684730448813
57.0	38.038439850913825	11.745387107968952	11.74510718393624	38.47106585718099	0.0
58.0	38.01939731427794	11.79900692626538	11.601017982902583	38.5805777765541	0.0
59.0	37.94198389364431	11.749093893579369	11.617824257570428	38.67925695684291	0.01184099836297514
60.0	38.11836688591275	11.688141453162224	11.615355886802059	38.57811524994786	2.0524175118008875E-5
61.0	38.19345850872501	11.699925216274083	11.62143071681122	38.483898426406085	0.0012871317836038443
62.0	38.039595696382705	11.754482043972242	11.694119199557166	38.51180306008789	0.0
63.0	38.135480602605334	11.703962421370624	11.74808044758197	38.41247652844207	0.0
64.0	38.031705898213346	11.784678124585463	11.725386287348968	38.458229689852224	0.0
65.0	37.96426648054443	11.786918424377802	11.737542091623766	38.50644457642298	0.004828427031031813
66.0	38.04675904106749	11.765218211424678	11.707426926023306	38.47988090609476	7.149153897636215E-4
67.0	37.97603208198669	11.78864121205466	11.67178629365564	38.56352665171441	1.376058860092105E-5
68.0	37.967333750709926	11.763456969040192	11.636907981821185	38.63230129842869	0.0
69.0	37.9906945465394	11.76799755597086	11.589100082221288	38.649719394352815	0.002488420915639636
70.0	38.018628725130945	11.788482359730514	11.576081001752808	38.60320164136351	0.013606272022220449
71.0	37.98581597510596	11.711838518844406	11.563588972001797	38.70073586060882	0.038020673439019985
72.0	38.13282768602892	11.784451774028918	11.56040459158799	38.520912499160005	0.001403449194171275
73.0	38.08047787175156	11.85970856937802	11.590521601224715	38.4692919576457	0.0
74.0	38.04476776092674	11.805410300934627	11.624878485536428	38.52494345260221	0.0
75.0	38.23132190245999	11.74856406624147	11.634122164025625	38.35468333717581	0.03130853009711054
76.0	38.268110262245855	11.737146153636774	11.705468783416778	38.28364342252251	0.005631378178083204
77.0	38.20549775727019	11.69544561993707	11.718838527207586	38.38021809558516	0.0
78.0	38.18946025880783	11.70953820351319	11.761977427885974	38.33902410979301	0.0
79.0	38.084714279293074	11.727564876497977	11.726080531632398	38.46164031257654	0.0
80.0	38.07615010929831	11.661417412387785	11.673132556189255	38.589299922124646	0.0
81.0	38.18108243797614	11.700475125132028	11.68001860090509	38.43511921304981	0.003304622936933682
82.0	38.130076306997104	11.73295111508229	11.709605822037648	38.426814080380844	5.526755021056936E-4
83.0	38.15229581548374	11.749757488843295	11.714036700570475	38.3837698861075	1.4010899499047294E-4
84.0	38.24503652739249	11.707945863664088	11.711404485151569	38.32606508353939	0.009548040252461129
85.0	38.264076965160264	11.730727604092861	11.687478014264919	38.317717416481955	0.0
86.0	38.26518109024592	11.657482956222497	11.588825881704803	38.48849599987054	1.4071956244659254E-5
87.0	38.24290425377635	11.702102470990765	11.585907684302521	38.463518614067986	0.005566976862375735
88.0	38.299102343891214	11.706907344022131	11.522318527010318	38.46603262988813	0.005639155188209804
89.0	38.32282362694722	11.690678148218105	11.54029947644216	38.44187959413805	0.004319154254458838
90.0	38.32768640664557	11.673099593432609	11.555022554661702	38.44407814795156	1.1329730856578636E-4
91.0	38.29361821147282	11.699263476362344	11.591733337740752	38.41537788093912	7.09348496745119E-6
92.0	38.28494958806589	11.643786649884008	11.62259513228993	38.44866862976017	0.0
93.0	38.34286593855485	11.696498063339519	11.57100884333768	38.38907182972766	5.553250402895436E-4
94.0	38.20426420647256	11.71737345652374	11.608560653775566	38.46550766112034	0.00429402210779422
95.0	38.230042200726814	11.644563395782786	11.629634129346478	38.49546011656119	3.0015758273093377E-4
96.0	38.32026763439721	11.664881291656762	11.589637759822189	38.42520615352888	7.160594959513996E-6
97.0	38.33926929100141	11.710052325111677	11.634599006076876	38.31607220271314	7.175096903271226E-6
98.0	38.33168385704954	11.628789826044661	11.646922681203629	38.392596445830975	7.189871197052441E-6
99.0	38.40957588339584	11.618361269645797	11.658528807545762	38.31343317025913	1.0086915347075988E-4
100.0	38.463901789530844	11.640521205189525	11.57464850564355	38.32092849963609	0.0
101.0	38.436899085037155	11.646178375314449	11.589676584414638	38.327245955233764	0.0
102.0	38.47124926303547	11.607257540391894	11.638364351782716	38.28312884478992	0.0
103.0	38.44426072791725	11.718747103684233	11.625294465584444	38.21169770281407	0.0
104.0	38.37759442520085	11.668126330637934	11.630944973339881	38.32333427082134	0.0
105.0	38.45791480339242	11.72458132885814	11.639590533820632	38.17791333392881	0.0
106.0	38.43596157663116	11.641340988838808	11.583092259295874	38.31587665179919	0.02372852343497356
107.0	38.38769405293931	11.634790850761673	11.587274197730782	38.39024089856824	0.0
108.0	38.51780884715727	11.52151782025259	11.58821384671025	38.32607984612232	0.04637963975757201
109.0	38.51783447370904	11.57932549241574	11.598396718539172	38.304443315336044	0.0
110.0	38.45580858716452	11.52866714648745	11.626673093868288	38.38885117247975	0.0
111.0	38.50370040001798	11.59565498066973	11.655432898804694	38.22518188941248	0.020029831095110983
112.0	38.55688934019881	11.557462868174047	11.679704899062722	38.20594289256442	0.0
113.0	38.49119942442062	11.566201067899131	11.747502304414304	38.195097203265945	0.0
114.0	38.605022091704235	11.570279849208973	11.72114272302922	38.10355533605757	0.0
115.0	38.550807646632265	11.569629964373167	11.672974802986468	38.20652002564291	6.756036518629395E-5
116.0	38.57376708599323	11.560836538692508	11.630075459505097	38.23532091580916	0.0
117.0	38.71848602533681	11.593685809343073	11.61704383353827	38.07078433178185	0.0
118.0	38.686974363203014	11.579750974499017	11.562410379134533	38.17086428316344	0.0
119.0	38.63990627658233	11.534479142570042	11.566767669071044	38.25884691177659	0.0
120.0	38.71579150303038	11.518656425656113	11.540453820852123	38.22332759370877	0.001770656752617042
121.0	38.62486724938895	11.627187478379302	11.524595706821678	38.21760320031162	0.005746365098447876
122.0	38.61371714643689	11.579534695684018	11.535906983749062	38.27084117413003	0.0
123.0	38.69958012813435	11.60953661520795	11.576427443117932	38.11445581353976	0.0
124.0	38.76176577682081	11.593965154447625	11.555406811824053	38.08886225690751	0.0
125.0	38.69025722212795	11.589694875856225	11.516977015089696	38.12926420257594	0.07380668435019863
126.0	38.83082776606403	11.571442303885483	11.507604785869443	38.09012514418104	0.0
127.0	38.70298079849878	11.631664747248747	11.525945091049445	38.13940936320303	0.0
128.0	38.800063983287956	11.54061861612229	11.590121226550476	38.06919617403928	0.0
129.0	38.86154538455319	11.64830355039779	11.588993891496642	37.90115717355238	0.0
130.0	38.93311967759638	11.747936751173068	11.45614642300203	37.862797148228516	0.0
131.0	39.00480233929658	11.947459710740258	11.184129874580208	37.863608075382956	0.0
132.0	36.28959380272027	10.428021391469525	13.131091231187103	40.151293574623104	0.0
