# Position (bp)	A	C	G	T	N
0.0	38.624474497057314	11.208673370015006	13.670297397685419	36.496554735242256	0.0
1.0	38.28380840499672	11.786326156011606	13.488425161207507	36.44144027778417	0.0
2.0	37.79092898856998	11.693452548404212	13.168595289558333	37.34702317346748	0.0
3.0	37.58236792726074	11.92199419687271	13.014127034062813	37.48151084180374	0.0
4.0	37.61167655880872	11.793016149904318	12.79528012994825	37.80002716133872	0.0
5.0	37.38117187968067	11.967505128873693	12.679751397126868	37.97157159431877	0.0
6.0	37.53778377925144	11.810395174126292	12.602921369092016	38.04889967753025	0.0
7.0	37.37878194458401	12.017075301783125	12.415751139086852	38.18839161454601	0.0
8.0	37.276974358222155	11.929986796611999	12.309378959128168	38.48365988603768	0.0
9.0	37.16133798710252	12.092684820978535	12.270160306629768	38.47581688528917	0.0
10.0	37.239538122967595	11.897556654414874	12.139489236936415	38.723415985681115	0.0
11.0	37.037117917792216	12.097278604622346	12.083347654700134	38.782255822885304	0.0
12.0	37.045285657813395	12.086939854856869	12.098010180174835	38.769764307154894	0.0
13.0	36.92498435231044	12.232859075342503	12.055821440396004	38.786335131951056	0.0
14.0	37.05045776926304	12.074143668011088	11.968917197396452	38.90648136532942	0.0
15.0	37.1349301164734	12.120674427278507	12.038360319166893	38.7060351370812	0.0
16.0	37.271639877136174	12.069323661503166	11.973051237800293	38.685985223560365	0.0
17.0	37.33693801223515	12.066118229468943	11.925416729881363	38.66730906662563	0.004217961788914948
18.0	37.446398864040134	12.07794932038638	11.78858838465272	38.67441136993196	0.012652060988808462
19.0	37.37798469142581	12.069128453063973	11.792769858882906	38.76011334787144	3.6487558727637964E-6
20.0	37.34936723345837	12.001018869111482	11.813119948575608	38.83649394885454	0.0
21.0	37.381575392146715	12.066015469390026	11.811140357702092	38.741265131425	3.6493361638557777E-6
22.0	37.390143650641846	12.142228627126194	11.744133121688762	38.7234946005432	0.0
23.0	37.41153971168791	12.151492199943577	11.77073787324711	38.66177845316549	0.004451761955910362
24.0	37.4547562906695	12.027437932634797	11.735195988845229	38.77641362624662	0.006196161603854342
25.0	37.41837970206059	12.105532289491208	11.801169182504083	38.6749078696173	1.0956326821312663E-5
26.0	37.51694612328262	11.96371554221293	11.741059254397973	38.767836786791094	0.010442293315379724
27.0	37.50251196043962	11.991793565241188	11.798201554169726	38.69517314617411	0.0123197739753572
28.0	37.55582294772212	11.969577481530456	11.765240505189531	38.7056947544006	0.0036643111572938186
29.0	37.564790491806455	11.932417631737756	11.788762548727352	38.68459958789589	0.029429739832544082
30.0	37.61798608538932	11.948407421137887	11.775017494169266	38.62895274360495	0.0296362556985783
31.0	37.56173489899229	12.065564198056194	11.763679613488204	38.60331309938512	0.005708190078192324
32.0	37.686641890958214	11.938111366229935	11.721063714324673	38.64612253451654	0.008060493970644355
33.0	37.68661448354889	11.961406362452765	11.77717356813649	38.57415740751218	6.48178349678597E-4
34.0	37.71984835106364	11.87381673098697	11.76368968840427	38.631044714572376	0.011600514972742362
35.0	37.57279987571109	11.925282693398358	11.77670372091379	38.68770017199859	0.03751353797816452
36.0	37.63411010764448	11.904952525413764	11.655614950948582	38.7999508159433	0.005371600049873382
37.0	37.53518751079485	11.943860063308495	11.639756481635732	38.84706877472934	0.03412716953158878
38.0	37.703520031983444	11.820089904624002	11.588335452852954	38.867033732014406	0.02102087852519454
39.0	37.675215929586514	11.897986080516429	11.628406943135523	38.79839104676153	0.0
40.0	37.79126572267296	11.836518325516023	11.663314413861809	38.70890153794921	0.0
41.0	37.779246607556914	11.838803341018322	11.669749898440411	38.71220015298435	0.0
42.0	37.79253409662518	11.739180624258912	11.58632333461528	38.881961944500624	0.0
43.0	37.686184735384956	11.897431315074103	11.589592532158752	38.819884624742	0.006906792640187979
44.0	37.74290672349796	11.839393006132564	11.654528120477146	38.76317214989233	0.0
45.0	37.86363760398951	11.839498349900127	11.699196498563083	38.59766754754728	0.0
46.0	37.96961592411514	11.769231516065826	11.651656720432173	38.60949583938686	0.0
47.0	37.963197097246635	11.759502982159393	11.556538153550012	38.72076176704395	0.0
48.0	38.01366502152461	11.649821941293698	11.622555269648553	38.71395776753314	0.0
49.0	37.88059003771488	11.722574533005774	11.573629763295699	38.82320566598364	0.0
50.0	37.97640172386118	11.654647748895574	11.561531887663227	38.80741863958002	0.0
51.0	38.010387514142444	11.694741372928268	11.606268676499196	38.657284291728736	0.03131814470135735
52.0	38.11086284138615	11.71870116840418	11.629520029290754	38.52065609144247	0.02025986947645181
53.0	38.13719032083046	11.675158350809683	11.639782037216163	38.54543675337045	0.0024325377732419737
54.0	38.22704557208971	11.6842635221169	11.581316952360242	38.500214191281636	0.007159762151516671
55.0	38.169299279053945	11.722670131647105	11.618438440567655	38.48826966539208	0.0013224833392104197
56.0	38.12324663585672	11.700112360985415	11.652327016710839	38.5163998052333	0.007914181213731806
57.0	38.044589475356155	11.705206050977582	11.659838760558431	38.59036571310783	0.0
58.0	38.03245402976809	11.744162825451573	11.53991089915242	38.68347224562792	0.0
59.0	38.01819723701934	11.68809916656373	11.54450822405172	38.73721057851118	0.011984793854023873
60.0	38.12725265411723	11.645132631516342	11.539508802450412	38.6881003360395	5.575876527790169E-6
61.0	38.207631747875936	11.630900304060459	11.541917161157995	38.61820599567822	0.0013447912273929993
62.0	38.10078093116516	11.71084207001672	11.610845785510008	38.577531213308106	0.0
63.0	38.10047670818975	11.669170563443934	11.655973431811804	38.574379296554504	0.0
64.0	38.04820878291505	11.72370711385691	11.647965583693049	38.58011851953499	0.0
65.0	37.99797426448972	11.754623162571292	11.624148867619596	38.61846748953129	0.004786215788096892
66.0	38.035587496722236	11.737505995489565	11.598925517134145	38.62739458447921	5.864061748346106E-4
67.0	38.04143395105084	11.718513979740342	11.554855665493688	38.685192665474304	3.7382408261093538E-6
68.0	38.00606895591827	11.713604995547106	11.524103759858592	38.75622228867603	0.0
69.0	37.98286973714228	11.734342777820302	11.503889711176924	38.77640931439553	0.0024884594649613673
70.0	38.035477773914934	11.733487513903896	11.470429097397078	38.74641825353021	0.014187361253885358
71.0	38.016096090688116	11.665378397885119	11.443649847888613	38.83718336702904	0.03769229650910581
72.0	38.1075377877625	11.75236184019062	11.450924236216146	38.68775283434624	0.0014233014844903043
73.0	38.101434694161284	11.77752715894153	11.46842056998362	38.65261569736627	1.8795472944941048E-6
74.0	38.09131116552077	11.755355000431226	11.496348044059479	38.656985789988525	0.0
75.0	38.23348078568616	11.68251811790385	11.513152380987178	38.53980548704458	0.03104322837823041
76.0	38.34088612629248	11.655713679311047	11.557932874110701	38.4395285277441	0.005938792541668406
77.0	38.29089145930957	11.637285989113199	11.601815872196001	38.47000667938122	0.0
78.0	38.23228381365841	11.660048152705016	11.666162230090455	38.441505803546114	0.0
79.0	38.18307563123185	11.656417987382607	11.605853313532414	38.55465306785313	0.0
80.0	38.16878078256295	11.637925149569917	11.572958846058473	38.620335221808666	0.0
81.0	38.20163220777371	11.652813363173404	11.5813191281639	38.56110344693704	0.0031318539519437486
82.0	38.145608521268706	11.672100294487164	11.60584106196378	38.57596611803235	4.840042480008916E-4
83.0	38.26300531471249	11.6667701076431	11.590844557629438	38.47926790089171	1.121191232619018E-4
84.0	38.29989837571047	11.62217622334108	11.652388952807465	38.41577757860052	0.0097588695404676
85.0	38.33845586656871	11.634592823952378	11.609645669246337	38.417301830052395	3.8101801765622254E-6
86.0	38.35729945640061	11.6028441167725	11.537193748931292	38.50264360235868	1.907553691341484E-5
87.0	38.31526676310864	11.637084006132476	11.5249747982061	38.517167628565055	0.005506803987728326
88.0	38.349622768590535	11.64367138828664	11.451038106976826	38.54976712974727	0.005900606398720864
89.0	38.39128586185407	11.628664856338261	11.45310849580357	38.52273095750251	0.004209828501584709
90.0	38.41139662994826	11.605969708609564	11.477018794659484	38.505530471057426	8.439572526444729E-5
91.0	38.384004847262794	11.607374863998738	11.502110333126184	38.506506113700866	3.84191141547331E-6
92.0	38.380161729523	11.599131095139649	11.538050411072927	38.48265676426442	0.0
93.0	38.38692451262138	11.61516331901603	11.484956619059288	38.51248345077892	4.720985243799482E-4
94.0	38.25363781628638	11.653626371590367	11.514740257027029	38.57375542067026	0.004240134425964059
95.0	38.282666079407015	11.599148045646345	11.528047460394578	38.589904505612	2.339089400615494E-4
96.0	38.35126739597751	11.616210297798292	11.514075617731155	38.518442815867864	3.872625175541259E-6
97.0	38.39084512376096	11.638940025357671	11.566236835857266	38.403974135865546	3.8791585476686424E-6
98.0	38.39017262552063	11.558461868857266	11.595267677984785	38.45609394168377	3.885953558308412E-6
99.0	38.46827228540188	11.55671125516288	11.580454961251183	38.39448364358585	7.785459820740567E-5
100.0	38.535048669307436	11.556449343993046	11.51768228769231	38.39081969900721	0.0
101.0	38.53290298783529	11.587682139881093	11.525069335203096	38.35434553708051	0.0
102.0	38.54288829275401	11.560575023013975	11.53146786151121	38.36506882272081	0.0
103.0	38.52755024254175	11.62425564562187	11.547403124241674	38.30078706574732	3.921847386211275E-6
104.0	38.46876993110701	11.603695747651962	11.538124358044229	38.3894099631968	0.0
105.0	38.48244294393323	11.634017574478488	11.569477839605609	38.31406164198267	0.0
106.0	38.51999024456214	11.568693581649361	11.515148741628206	38.371995817880716	0.024171614279581352
107.0	38.51406760508681	11.546715097276044	11.472173219889683	38.46704407774747	0.0
108.0	38.58256068903383	11.482389208626994	11.50031728193374	38.38865384909455	0.04607897131088345
109.0	38.61536986419391	11.506361512072788	11.508711929539885	38.36955669419342	0.0
110.0	38.582822329649154	11.489374198666088	11.535117667518021	38.392685804166746	0.0
111.0	38.588159069337905	11.532476146309746	11.553279481703404	38.3058582866503	0.020227015998646347
112.0	38.671514952649574	11.462971434677574	11.573954560601146	38.2915590520717	0.0
113.0	38.636089224693244	11.488196401946237	11.636950842729442	38.23876353063108	0.0
114.0	38.66585318945834	11.494525348602602	11.649740817122792	38.18988064481626	0.0
115.0	38.65495780009998	11.502428236530145	11.586144213461063	38.25639323259977	7.651730904088655E-5
116.0	38.65874997209014	11.524447678645165	11.53772529913407	38.27907705013062	0.0
117.0	38.78860180953949	11.538408133297024	11.526380916567833	38.14660914059566	0.0
118.0	38.747287776275805	11.508113396793487	11.500447616998887	38.244151209931815	0.0
119.0	38.767136979807155	11.456942240773481	11.47027332363007	38.30564745578929	0.0
120.0	38.74649378909991	11.48112322785323	11.43978044311128	38.33076118146051	0.0018413584750759167
121.0	38.705459334568914	11.527511217840216	11.411055637153376	38.350163728796936	0.005810081640555706
122.0	38.684850621458075	11.504409305082474	11.425045553100588	38.38569452035886	0.0
123.0	38.763064862617064	11.500723447784312	11.470426739992202	38.26578494960642	0.0
124.0	38.83438547910249	11.471913746746635	11.464878492286463	38.228822281864424	0.0
125.0	38.80273638095732	11.484598136170984	11.409006001062822	38.22955840991277	0.07410107189610256
126.0	38.90347179905561	11.474802298282274	11.39242497839999	38.22930092426213	0.0
127.0	38.78356149956997	11.532363553692965	11.40845461847524	38.27562032826183	0.0
128.0	38.85317566298722	11.471463873317463	11.483207260682212	38.192153203013106	0.0
129.0	38.89325823885847	11.570785861163802	11.455046687794738	38.080909212182995	0.0
130.0	39.016603765586005	11.654387835232201	11.313870838282506	38.015137560899284	0.0
131.0	39.12497998022478	11.862169961418177	11.062817499249558	37.95003255910749	0.0
132.0	36.25957545132808	10.221580790576965	13.087164487640482	40.431679270454474	0.0
