	11.0	12.0	13.0	14.0	15.0	16.0	17.0	18.0	19.0	20.0	21.0	22.0	23.0	24.0	25.0	26.0	27.0	28.0	29.0	30.0	31.0	32.0	33.0	34.0	35.0
IV23122_WT_23122_IV_23122_R1	2.0	1.0	10.0	13.0	125.0	1963.0	10698.0	25213.0	47582.0	78045.0	115654.0	163584.0	230476.0	318828.0	432042.0	569011.0	732959.0	931580.0	1211779.0	1680921.0	2024989.0	2828276.0	4925788.0	13045190.0	14033246.0
	2.0	3.0	4.0	5.0	6.0	7.0	8.0	9.0	10.0	11.0	12.0	13.0	14.0	15.0	16.0	17.0	18.0	19.0	20.0	21.0	22.0	23.0	24.0	25.0	26.0	27.0	28.0	29.0	30.0	31.0	32.0	33.0	34.0	35.0
IV23122_WT_23122_IV_23122_R2	7137.0	1796.0	2044.0	2159.0	2198.0	1957.0	2210.0	2101.0	2169.0	2408.0	2681.0	3024.0	3335.0	6905.0	14789.0	26863.0	43960.0	67095.0	97692.0	142206.0	204436.0	285366.0	382610.0	492280.0	608646.0	748693.0	923867.0	1171567.0	1500870.0	1886237.0	2440067.0	3580016.0	7731834.0	21016757.0
	11.0	12.0	13.0	14.0	15.0	16.0	17.0	18.0	19.0	20.0	21.0	22.0	23.0	24.0	25.0	26.0	27.0	28.0	29.0	30.0	31.0	32.0	33.0	34.0	35.0
IV23123_WT_23123_IV_23123_R1	1.0	1.0	5.0	28.0	137.0	2200.0	12173.0	28897.0	53984.0	88339.0	131246.0	187763.0	266472.0	370563.0	506525.0	669338.0	862289.0	1097867.0	1414863.0	1915926.0	2350691.0	3333254.0	5805692.0	14954572.0	16826711.0
	2.0	3.0	4.0	5.0	6.0	7.0	8.0	9.0	10.0	11.0	12.0	13.0	14.0	15.0	16.0	17.0	18.0	19.0	20.0	21.0	22.0	23.0	24.0	25.0	26.0	27.0	28.0	29.0	30.0	31.0	32.0	33.0	34.0	35.0
IV23123_WT_23123_IV_23123_R2	8444.0	2317.0	2491.0	2447.0	2591.0	2336.0	2613.0	2385.0	2499.0	2891.0	3131.0	3592.0	4019.0	8598.0	18492.0	32180.0	52358.0	79862.0	115929.0	167892.0	241044.0	337863.0	455964.0	592208.0	738896.0	909382.0	1111964.0	1386649.0	1743782.0	2171132.0	2803881.0	4113256.0	8898142.0	24858307.0
	11.0	12.0	13.0	14.0	15.0	16.0	17.0	18.0	19.0	20.0	21.0	22.0	23.0	24.0	25.0	26.0	27.0	28.0	29.0	30.0	31.0	32.0	33.0	34.0	35.0	36.0	37.0
gDNA10_HET_26268_gDNA10_R1	1.0	0.0	4.0	93.0	627.0	2144.0	5419.0	10800.0	21407.0	38207.0	63859.0	98253.0	154408.0	236412.0	371148.0	555043.0	818701.0	1118190.0	1476328.0	1819089.0	2227069.0	2604039.0	3039450.0	3349599.0	3956692.0	3274551.0	19480.0
	11.0	12.0	13.0	14.0	15.0	16.0	17.0	18.0	19.0	20.0	21.0	22.0	23.0	24.0	25.0	26.0	27.0	28.0	29.0	30.0	31.0	32.0	33.0	34.0	35.0	36.0	37.0
gDNA10_HET_26268_gDNA10_R2	41.0	389.0	1147.0	2872.0	6017.0	10741.0	19016.0	31200.0	50258.0	77142.0	119264.0	175785.0	258929.0	362609.0	504673.0	658593.0	852526.0	1048463.0	1287495.0	1513895.0	1820135.0	2186055.0	2824541.0	3668336.0	4634248.0	3096275.0	50368.0
	13.0	14.0	15.0	16.0	17.0	18.0	19.0	20.0	21.0	22.0	23.0	24.0	25.0	26.0	27.0	28.0	29.0	30.0	31.0	32.0	33.0	34.0	35.0	36.0	37.0
gDNA11_HET_26271_gDNA11_R1	2.0	11.0	159.0	500.0	1198.0	2146.0	3352.0	5319.0	8668.0	13898.0	23346.0	37019.0	61055.0	95725.0	147583.0	213749.0	304904.0	399572.0	525917.0	649614.0	768099.0	863656.0	1052383.0	873529.0	4594.0
	11.0	12.0	13.0	14.0	15.0	16.0	17.0	18.0	19.0	20.0	21.0	22.0	23.0	24.0	25.0	26.0	27.0	28.0	29.0	30.0	31.0	32.0	33.0	34.0	35.0	36.0	37.0
gDNA11_HET_26271_gDNA11_R2	3.0	60.0	211.0	531.0	1300.0	2359.0	4440.0	7342.0	12168.0	18489.0	28232.0	41457.0	61523.0	86521.0	121084.0	159381.0	208235.0	258514.0	321917.0	388995.0	484313.0	594968.0	761331.0	924952.0	1016826.0	546482.0	4364.0
	13.0	14.0	15.0	16.0	17.0	18.0	19.0	20.0	21.0	22.0	23.0	24.0	25.0	26.0	27.0	28.0	29.0	30.0	31.0	32.0	33.0	34.0	35.0	36.0	37.0
gDNA20_KO_26252_gDNA20_R1	1.0	48.0	325.0	1077.0	2321.0	4067.0	6502.0	9636.0	14864.0	22071.0	33406.0	49817.0	75980.0	112037.0	167534.0	238545.0	334515.0	442962.0	583754.0	734003.0	898570.0	1024182.0	1297772.0	1202311.0	8336.0
	11.0	12.0	13.0	14.0	15.0	16.0	17.0	18.0	19.0	20.0	21.0	22.0	23.0	24.0	25.0	26.0	27.0	28.0	29.0	30.0	31.0	32.0	33.0	34.0	35.0	36.0	37.0
gDNA20_KO_26252_gDNA20_R2	10.0	131.0	468.0	1112.0	2319.0	3917.0	6313.0	9961.0	15140.0	21384.0	30866.0	43261.0	61934.0	87100.0	121608.0	161851.0	214260.0	269072.0	343786.0	424211.0	541809.0	680657.0	879846.0	1113988.0	1359865.0	862953.0	6814.0
	13.0	14.0	15.0	16.0	17.0	18.0	19.0	20.0	21.0	22.0	23.0	24.0	25.0	26.0	27.0	28.0	29.0	30.0	31.0	32.0	33.0	34.0	35.0	36.0	37.0
gDNA26_KO_26249_gDNA26_R1	4.0	75.0	501.0	1752.0	4445.0	8865.0	17992.0	32496.0	54939.0	84790.0	132094.0	202328.0	318369.0	476914.0	704080.0	962605.0	1272286.0	1559792.0	1901044.0	2211055.0	2578301.0	2845893.0	3364746.0	2803386.0	16595.0
	11.0	12.0	13.0	14.0	15.0	16.0	17.0	18.0	19.0	20.0	21.0	22.0	23.0	24.0	25.0	26.0	27.0	28.0	29.0	30.0	31.0	32.0	33.0	34.0	35.0	36.0	37.0
gDNA26_KO_26249_gDNA26_R2	43.0	312.0	1058.0	2527.0	4987.0	9147.0	15999.0	26449.0	42971.0	67637.0	107594.0	162624.0	243235.0	344264.0	478569.0	617986.0	791102.0	962276.0	1166139.0	1355536.0	1617772.0	1936922.0	2484704.0	3155441.0	3732887.0	2192910.0	34256.0
	13.0	14.0	15.0	16.0	17.0	18.0	19.0	20.0	21.0	22.0	23.0	24.0	25.0	26.0	27.0	28.0	29.0	30.0	31.0	32.0	33.0	34.0	35.0	36.0	37.0
gDNA27_HET_26269_gDNA27_R1	3.0	40.0	353.0	1289.0	3482.0	7168.0	14196.0	24966.0	41243.0	61459.0	96178.0	149035.0	237217.0	359379.0	541798.0	758305.0	1026548.0	1290528.0	1602529.0	1877345.0	2179937.0	2382874.0	2741410.0	2036172.0	9753.0
	11.0	12.0	13.0	14.0	15.0	16.0	17.0	18.0	19.0	20.0	21.0	22.0	23.0	24.0	25.0	26.0	27.0	28.0	29.0	30.0	31.0	32.0	33.0	34.0	35.0	36.0	37.0
gDNA27_HET_26269_gDNA27_R2	18.0	165.0	567.0	1522.0	3341.0	6258.0	11453.0	19405.0	32351.0	50818.0	78659.0	117158.0	175912.0	250479.0	353939.0	469187.0	615467.0	766361.0	951889.0	1129286.0	1371918.0	1642136.0	2073565.0	2570832.0	2985242.0	1744941.0	20338.0
	13.0	14.0	15.0	16.0	17.0	18.0	19.0	20.0	21.0	22.0	23.0	24.0	25.0	26.0	27.0	28.0	29.0	30.0	31.0	32.0	33.0	34.0	35.0	36.0	37.0
gDNA29_KO_26248_gDNA29_R1	4.0	94.0	588.0	2027.0	4902.0	9494.0	17874.0	31637.0	53064.0	83973.0	135727.0	214253.0	343203.0	517339.0	763300.0	1037137.0	1363358.0	1658599.0	2009065.0	2336923.0	2744670.0	3079655.0	3680424.0	3210654.0	20802.0
	11.0	12.0	13.0	14.0	15.0	16.0	17.0	18.0	19.0	20.0	21.0	22.0	23.0	24.0	25.0	26.0	27.0	28.0	29.0	30.0	31.0	32.0	33.0	34.0	35.0	36.0	37.0
gDNA29_KO_26248_gDNA29_R2	16.0	208.0	681.0	1725.0	3726.0	6904.0	11998.0	20294.0	34083.0	54341.0	86543.0	132617.0	202360.0	290692.0	411644.0	543690.0	713895.0	889584.0	1105226.0	1307366.0	1585712.0	1930584.0	2554909.0	3454932.0	4614353.0	3300241.0	60442.0
	13.0	14.0	15.0	16.0	17.0	18.0	19.0	20.0	21.0	22.0	23.0	24.0	25.0	26.0	27.0	28.0	29.0	30.0	31.0	32.0	33.0	34.0	35.0	36.0	37.0
gDNA30_HET_26253_gDNA30_R1	4.0	97.0	695.0	2261.0	5659.0	11817.0	23242.0	41523.0	67256.0	101451.0	154503.0	232062.0	356593.0	521142.0	750438.0	1001482.0	1299105.0	1580871.0	1919977.0	2242444.0	2615213.0	2872985.0	3361211.0	2757153.0	16017.0
	11.0	12.0	13.0	14.0	15.0	16.0	17.0	18.0	19.0	20.0	21.0	22.0	23.0	24.0	25.0	26.0	27.0	28.0	29.0	30.0	31.0	32.0	33.0	34.0	35.0	36.0	37.0
gDNA30_HET_26253_gDNA30_R2	36.0	244.0	806.0	2042.0	4125.0	7723.0	13298.0	21850.0	36369.0	57474.0	91738.0	138580.0	208578.0	297146.0	415483.0	545947.0	711736.0	877836.0	1081887.0	1271163.0	1536005.0	1861012.0	2432895.0	3222929.0	4173026.0	2878488.0	46785.0
	13.0	14.0	15.0	16.0	17.0	18.0	19.0	20.0	21.0	22.0	23.0	24.0	25.0	26.0	27.0	28.0	29.0	30.0	31.0	32.0	33.0	34.0	35.0	36.0	37.0
gDNA33_KO_26250_gDNA33_R1	4.0	82.0	674.0	2453.0	5764.0	11540.0	22409.0	40214.0	66957.0	102740.0	159765.0	243521.0	381961.0	566762.0	832906.0	1130220.0	1489274.0	1817863.0	2208735.0	2562156.0	2983810.0	3288918.0	3874640.0	3174521.0	18421.0
	11.0	12.0	13.0	14.0	15.0	16.0	17.0	18.0	19.0	20.0	21.0	22.0	23.0	24.0	25.0	26.0	27.0	28.0	29.0	30.0	31.0	32.0	33.0	34.0	35.0	36.0	37.0
gDNA33_KO_26250_gDNA33_R2	45.0	458.0	1581.0	3990.0	8568.0	14789.0	24029.0	35948.0	53855.0	78690.0	117668.0	171978.0	255011.0	359252.0	500693.0	651643.0	843352.0	1036972.0	1268506.0	1486774.0	1787826.0	2155936.0	2811558.0	3694830.0	4635281.0	2941438.0	45639.0
	13.0	14.0	15.0	16.0	17.0	18.0	19.0	20.0	21.0	22.0	23.0	24.0	25.0	26.0	27.0	28.0	29.0	30.0	31.0	32.0	33.0	34.0	35.0	36.0	37.0
gDNA34_KO_26251_gDNA34_R1	6.0	69.0	562.0	1963.0	4771.0	10019.0	19891.0	34370.0	55772.0	84613.0	131433.0	202776.0	321324.0	484913.0	721540.0	993183.0	1329664.0	1657760.0	2058417.0	2445988.0	2862411.0	3157949.0	3775980.0	3228868.0	19718.0
	11.0	12.0	13.0	14.0	15.0	16.0	17.0	18.0	19.0	20.0	21.0	22.0	23.0	24.0	25.0	26.0	27.0	28.0	29.0	30.0	31.0	32.0	33.0	34.0	35.0	36.0	37.0
gDNA34_KO_26251_gDNA34_R2	23.0	179.0	686.0	1813.0	3883.0	7197.0	12904.0	21930.0	36188.0	57830.0	91741.0	140276.0	214177.0	307448.0	438363.0	581790.0	764604.0	946152.0	1167405.0	1379761.0	1676123.0	2028015.0	2635102.0	3439018.0	4444825.0	3159631.0	46896.0
	13.0	14.0	15.0	16.0	17.0	18.0	19.0	20.0	21.0	22.0	23.0	24.0	25.0	26.0	27.0	28.0	29.0	30.0	31.0	32.0	33.0	34.0	35.0	36.0	37.0
gDNA44_WT_26346_gDNA44_R1	21.0	283.0	2124.0	7825.0	18843.0	38086.0	74896.0	133857.0	225576.0	349299.0	556111.0	864832.0	1378807.0	2077799.0	3092999.0	4257338.0	5681738.0	7050681.0	8720813.0	10317745.0	12009812.0	13174684.0	15778022.0	13460599.0	83739.0
	11.0	12.0	13.0	14.0	15.0	16.0	17.0	18.0	19.0	20.0	21.0	22.0	23.0	24.0	25.0	26.0	27.0	28.0	29.0	30.0	31.0	32.0	33.0	34.0	35.0	36.0	37.0
gDNA44_WT_26346_gDNA44_R2	103.0	871.0	3112.0	7668.0	16531.0	30177.0	53901.0	88597.0	145817.0	229896.0	363760.0	547885.0	829896.0	1188274.0	1677933.0	2221946.0	2926862.0	3669842.0	4591861.0	5503528.0	6747875.0	8242792.0	10908239.0	14781773.0	19939023.0	14416550.0	221817.0
	13.0	14.0	15.0	16.0	17.0	18.0	19.0	20.0	21.0	22.0	23.0	24.0	25.0	26.0	27.0	28.0	29.0	30.0	31.0	32.0	33.0	34.0	35.0	36.0	37.0
gDNA47_WT_26347_gDNA47_R1	9.0	163.0	1471.0	5037.0	11985.0	23313.0	46606.0	82790.0	137954.0	211322.0	328032.0	502217.0	790470.0	1187358.0	1775651.0	2471597.0	3354566.0	4233797.0	5309368.0	6332285.0	7321394.0	8080963.0	9632898.0	7701715.0	41922.0
	11.0	12.0	13.0	14.0	15.0	16.0	17.0	18.0	19.0	20.0	21.0	22.0	23.0	24.0	25.0	26.0	27.0	28.0	29.0	30.0	31.0	32.0	33.0	34.0	35.0	36.0	37.0
gDNA47_WT_26347_gDNA47_R2	51.0	641.0	2164.0	5489.0	10892.0	19370.0	33201.0	52834.0	84796.0	130492.0	207023.0	313258.0	480459.0	693901.0	994028.0	1318362.0	1741741.0	2187597.0	2761519.0	3346477.0	4153143.0	5122309.0	6770572.0	9061398.0	11899740.0	8095660.0	97766.0
	13.0	14.0	15.0	16.0	17.0	18.0	19.0	20.0	21.0	22.0	23.0	24.0	25.0	26.0	27.0	28.0	29.0	30.0	31.0	32.0	33.0	34.0	35.0	36.0	37.0
gDNA48_WT_26348_gDNA48_R1	15.0	200.0	1702.0	6203.0	14700.0	29056.0	57029.0	102646.0	171135.0	263451.0	410164.0	630640.0	1000780.0	1513797.0	2275917.0	3187015.0	4311622.0	5416558.0	6735494.0	7949029.0	9238519.0	10126035.0	12037953.0	10097014.0	60617.0
	11.0	12.0	13.0	14.0	15.0	16.0	17.0	18.0	19.0	20.0	21.0	22.0	23.0	24.0	25.0	26.0	27.0	28.0	29.0	30.0	31.0	32.0	33.0	34.0	35.0	36.0	37.0
gDNA48_WT_26348_gDNA48_R2	107.0	836.0	2802.0	6770.0	14625.0	27692.0	49927.0	81417.0	130628.0	198909.0	302411.0	445370.0	661978.0	937450.0	1322015.0	1745820.0	2292278.0	2861683.0	3583370.0	4302243.0	5288272.0	6452952.0	8448108.0	11213881.0	14760327.0	10360901.0	144519.0
	12.0	13.0	14.0	15.0	16.0	17.0	18.0	19.0	20.0	21.0	22.0	23.0	24.0	25.0	26.0	27.0	28.0	29.0	30.0	31.0	32.0	33.0	34.0	35.0	36.0	37.0
gDNA49_WT_26349_gDNA49_R1	1.0	12.0	283.0	2476.0	8574.0	21251.0	42468.0	83632.0	152624.0	256969.0	393639.0	611518.0	932929.0	1471233.0	2213444.0	3304259.0	4580916.0	6147585.0	7638319.0	9406628.0	11028288.0	12717238.0	13930904.0	16473107.0	13381911.0	75406.0
	11.0	12.0	13.0	14.0	15.0	16.0	17.0	18.0	19.0	20.0	21.0	22.0	23.0	24.0	25.0	26.0	27.0	28.0	29.0	30.0	31.0	32.0	33.0	34.0	35.0	36.0	37.0
gDNA49_WT_26349_gDNA49_R2	137.0	1211.0	4105.0	10346.0	21992.0	40831.0	72605.0	117408.0	188474.0	286115.0	437734.0	646555.0	963238.0	1364480.0	1916141.0	2517041.0	3286822.0	4080775.0	5065616.0	6018819.0	7331654.0	8878977.0	11619694.0	15463381.0	20311562.0	14016814.0	213087.0
	12.0	13.0	14.0	15.0	16.0	17.0	18.0	19.0	20.0	21.0	22.0	23.0	24.0	25.0	26.0	27.0	28.0	29.0	30.0	31.0	32.0	33.0	34.0	35.0	36.0	37.0
gDNA50_WT_26350_gDNA50_R1	2.0	16.0	281.0	2366.0	8164.0	20242.0	40476.0	78063.0	138780.0	229432.0	350693.0	547275.0	835877.0	1319760.0	1979928.0	2946708.0	4074827.0	5457888.0	6794343.0	8376092.0	9809129.0	11445072.0	12561284.0	14760945.0	12213265.0	73864.0
	11.0	12.0	13.0	14.0	15.0	16.0	17.0	18.0	19.0	20.0	21.0	22.0	23.0	24.0	25.0	26.0	27.0	28.0	29.0	30.0	31.0	32.0	33.0	34.0	35.0	36.0	37.0
gDNA50_WT_26350_gDNA50_R2	174.0	1415.0	5042.0	11870.0	25136.0	44478.0	76644.0	122574.0	194182.0	294742.0	451670.0	668220.0	996126.0	1404670.0	1968492.0	2570229.0	3334561.0	4095048.0	5020478.0	5891006.0	7091372.0	8462194.0	10777431.0	13650614.0	16528137.0	10243441.0	134826.0
	13.0	14.0	15.0	16.0	17.0	18.0	19.0	20.0	21.0	22.0	23.0	24.0	25.0	26.0	27.0	28.0	29.0	30.0	31.0	32.0	33.0	34.0	35.0	36.0	37.0
gDNA9_HET_26270_gDNA9_R1	4.0	70.0	610.0	2264.0	6082.0	12584.0	24442.0	41586.0	66391.0	98810.0	153446.0	232637.0	364187.0	544250.0	795236.0	1078121.0	1412138.0	1722019.0	2102458.0	2447293.0	2841488.0	3118972.0	3698628.0	3133373.0	19785.0
	11.0	12.0	13.0	14.0	15.0	16.0	17.0	18.0	19.0	20.0	21.0	22.0	23.0	24.0	25.0	26.0	27.0	28.0	29.0	30.0	31.0	32.0	33.0	34.0	35.0	36.0	37.0
gDNA9_HET_26270_gDNA9_R2	46.0	318.0	1082.0	2648.0	5526.0	9873.0	17916.0	29453.0	48431.0	75945.0	118514.0	175953.0	262007.0	372827.0	520977.0	676989.0	874207.0	1062241.0	1280972.0	1478958.0	1759716.0	2095358.0	2669373.0	3408996.0	4196516.0	2730095.0	41937.0

