Sample	0	1	2	3	4	5	6	7	8	9	10	11
IV23122_WT_23122	100.0	56.49830184020106	41.080265876890365	25.36802231222437	16.702954693230474	10.079099442452065	6.269380458157227	3.6984192200500456	2.2190594057058326	1.289288032951417	0.7571433055104843	0.43746810530689456
IV23123_WT_23123	100.0	63.00303549391157	45.11457559312126	29.079121709251268	18.793245120986803	11.513790785916303	7.021680902697515	4.151664322493721	2.4391549878814023	1.4058925119922825	0.8096413141153325	0.4636282647539516
gDNA10_HET_26268	100.0	35.89692515088112	18.337631128150075	6.8208786146848155	2.9411298149260694	1.0639508061042322	0.4285435542809957	0.15807306752728648	0.06634947741021296	0.029405537451040086	0.01616253574516273	0.01054313074694841
gDNA11_HET_26271	100.0	11.903223818551451	5.084013205029015	0.722837523916093	0.24633682654121483	0.04130429062875667	0.015410977612872611	0.005729658473489254	0.004107373061590219	0.0033610982905112803	0.0030383729765284706	0.0027789012370461573
gDNA20_KO_26252	100.0	14.823661496053974	7.082184634447626	1.3130298438740822	0.5166487023885634	0.10700842748102925	0.0409709985923515	0.012466017397758445	0.006919882346340817	0.004577555519376679	0.003874721718256318	0.0034308093064921055
gDNA26_KO_26249	100.0	34.308582546323265	15.863711513429095	5.628295097322319	2.206454810146306	0.758278200850652	0.28121119319595067	0.09972560757148721	0.04026805472120591	0.018608438465871006	0.011093627633146464	0.00796800581661673
gDNA27_HET_26269	100.0	27.250236034070383	12.683755169923502	3.831785566123467	1.4946077415597077	0.4624336380800907	0.17355261876587919	0.06066718573758226	0.02703730747813781	0.013993385757898325	0.009386368161767644	0.007266602925824394
gDNA29_KO_26248	100.0	34.80352430234564	19.507431544509686	7.513396873180401	3.591857053141319	1.3733898975512564	0.6074077855645297	0.23570208084326424	0.10373604563085567	0.044319989180087165	0.022911332582283235	0.01330838330086569
gDNA30_HET_26253	100.0	30.138410462746755	17.145101948690037	6.122875273311807	2.9327404977428695	1.0761554805720794	0.4747216722470476	0.17969111400309176	0.07966721666322345	0.03464443037202433	0.018386977575102447	0.011175776561978604
gDNA33_KO_26250	100.0	37.47127891924212	19.53291935955261	7.790679336965715	3.4728386650670795	1.345264951463784	0.5580225205832589	0.21727437735882563	0.09147875769094718	0.04000674848130305	0.020829724955087385	0.012683442387601798
gDNA34_KO_26251	100.0	34.216057242832406	19.53325305517911	7.5059599919255415	3.647589322677602	1.3995093677789856	0.6272154369553129	0.24423415884919109	0.10878925041927204	0.04657121471616689	0.02364450902035946	0.013541181404233237
gDNA44_WT_26346	100.0	69.61528602523967	53.49557496796424	37.69387030254983	26.334445902681082	17.551035615497852	11.573279598653752	7.414065352989256	4.706871435281565	2.931217825703806	1.8140295238752027	1.1105892002257995
gDNA47_WT_26347	100.0	61.613192328988504	43.01211164071422	26.495639125213646	16.42024394270076	9.517817381521576	5.512940243277922	3.066269380553551	1.7031383395640751	0.9229308875862761	0.5025995845078889	0.27247695324367943
gDNA48_WT_26348	100.0	66.55561703043921	48.81013005731457	32.56102276970585	21.507267342779844	13.516576644312744	8.392827756584566	5.054899133004791	3.0168385098918256	1.7656935931344855	1.0291216415398587	0.5940061362622833
gDNA49_WT_26349	100.0	71.6820438485013	55.48924457004083	40.07019757685837	28.405761799067616	19.388260305860406	13.023046609743995	8.538585712718689	5.528725972636704	3.52383627246797	2.2248019790622826	1.39099134204628
gDNA50_WT_26350	100.0	71.30558190791969	55.27690940161429	39.85863388923868	28.245210211402146	19.23909535223525	12.88829033608194	8.41811891318241	5.420708203024289	3.4305485872923374	2.148510279862876	1.3299657683065396
