#Position (bp)	insert size
3406923.0	194.53225806451613
1.0220768E7	190.312324929972
1.7034613E7	194.48560996563575
2.3848458E7	191.4783214001591
3.0662303E7	193.1018050541516
3.7476148E7	191.182105929521
4.4289993E7	191.8420049552125
5.1103838E7	192.83410026640834
5.7917683E7	191.34893957583034
6.4731528E7	192.11041704942127
7.1545373E7	192.02641878669277
7.8359218E7	190.47610221104196
8.5173063E7	192.96641221374045
9.1986908E7	193.07737440410708
9.8800753E7	193.31835628810114
1.05614598E8	194.56616502335237
1.12428443E8	194.27884176926585
1.19242288E8	193.82660869565217
1.26056133E8	192.4680930930931
1.300790245E8	188.31019202363368
1.33485947E8	190.05302871515406
1.39683823E8	196.68355605048257
1.46497668E8	189.83104810597257
1.53311513E8	192.56322056322057
1.60125358E8	191.99957155098542
1.66939203E8	190.94773928361715
1.73753048E8	192.93142972049066
1.80566893E8	193.86893285980045
1.87380738E8	191.14514218009478
1.94194583E8	192.73047739487828
2.01008428E8	190.32569288389513
2.07822273E8	194.13050980392157
2.14636118E8	192.30333936502714
2.21449963E8	192.05169207883972
2.28263808E8	188.6894652948848
2.35077653E8	191.4854310603785
2.41891498E8	192.52628174025554
2.48705343E8	190.6072869543954
2.52444901E8	197.64937388193204
2.558518235E8	182.38819153881914
2.62333033E8	193.64542386341077
2.69146878E8	195.78168345050352
2.75960723E8	198.40173410404626
2.82774568E8	192.9585104574052
2.89588413E8	191.80202925908446
2.96402258E8	194.76896294454116
3.03216103E8	191.73588949749941
3.10029948E8	192.08800690250214
3.16843793E8	190.55006640106242
3.23657638E8	191.42418673038046
3.30471483E8	191.2415441827519
3.37285328E8	191.79104963384864
3.44099173E8	192.7781380268643
3.50913018E8	193.2178861788618
3.57726863E8	191.8622013651877
3.64540708E8	191.84520706631915
3.704270945E8	195.46696035242292
3.73834017E8	0.0
3.78168398E8	192.8883746256466
3.84982243E8	194.79362177534023
3.91796088E8	193.68329490672815
3.98609933E8	191.66777824093373
4.05423778E8	194.888197586727
4.12237623E8	190.6347390993567
4.19051468E8	192.24005964214712
4.25865313E8	191.25339633786177
4.32679158E8	193.76887340301974
4.39493003E8	194.91548989789268
4.46306848E8	191.54700557103064
4.53120693E8	193.23439048562935
4.59934538E8	191.7494199535963
4.66748383E8	193.38229893499818
4.73562228E8	192.02140309155766
4.80376073E8	193.60968543046357
4.87189918E8	191.46260114466153
4.91962519E8	191.45916515426498
4.953694415E8	211.54088050314465
5.00817608E8	198.72205528846155
5.07631453E8	196.2589477801682
5.14445298E8	186.1510564490697
5.21259143E8	192.32052173913044
5.28072988E8	193.06272869837952
5.34886833E8	201.77408993576017
5.41700678E8	192.30105981677744
5.48514523E8	193.86810376324442
5.55328368E8	191.2064854554125
5.62142213E8	190.78855242429546
5.68956058E8	191.0176317743133
5.75769903E8	192.54069035021416
5.82583748E8	189.35423542354235
5.89397593E8	193.72485289997198
5.96211438E8	192.83159188690843
6.03025283E8	190.9582587954681
6.09839128E8	191.51282051282053
6.15738246E8	192.136449608214
6.191451685E8	0.0
6.23466818E8	192.71509760316283
6.30280663E8	192.1108998732573
6.37094508E8	192.3124818997973
6.43908353E8	193.06241729157477
6.50722198E8	191.6379417234966
6.57536043E8	194.64498324462843
6.64349888E8	192.3974883974884
6.71163733E8	191.20204717400978
6.77977578E8	194.80994043186894
6.84791423E8	196.56936303243455
6.91605268E8	192.5212185510761
6.98419113E8	191.34146014735433
7.05232958E8	190.07041095890412
7.12046803E8	191.6976873265495
7.18860648E8	189.77404718693285
7.222708485E8	0.0
7.25677771E8	194.3434222355409
7.32488338E8	191.7445243804956
7.39302183E8	191.56425171866738
7.46116028E8	193.88618607954547
7.52929873E8	192.5701219512195
7.59743718E8	193.1271329458091
7.66557563E8	193.6204858831254
7.73371408E8	192.15117689881097
7.80185253E8	193.00889721376726
7.86999098E8	191.97886004816698
7.93812943E8	190.71736694677872
8.00626788E8	192.38137588281455
8.07440633E8	192.53420352912738
8.14254478E8	190.2689519782543
8.190716475E8	196.20965189873417
8.2247857E8	191.91705069124424
8.27882168E8	194.67451963241436
8.34696013E8	195.59755878657333
8.41509858E8	194.17751091703056
8.48323703E8	190.57371502927782
8.55137548E8	190.4277099118602
8.61951393E8	191.48659492978297
8.68765238E8	192.20406347323149
8.75579083E8	190.88520888219796
8.82392928E8	190.57694074414331
8.89206773E8	193.04087566273301
8.96020618E8	193.90568919434898
9.02834463E8	192.13809523809525
9.09648308E8	189.81605611847232
9.14262198E8	189.55790297339593
9.176691205E8	191.88733705772813
9.23275998E8	193.7311102544333
9.30089843E8	194.59498553519768
9.36903688E8	195.0416938110749
9.43717533E8	193.7076290543627
9.50531378E8	191.0190395956192
9.57345223E8	195.22659213415852
9.64159068E8	194.2104645706241
9.70972913E8	193.78307508939213
9.77786758E8	191.62495755517827
9.84600603E8	191.2738
9.91414448E8	191.5898775510204
9.98228293E8	190.49277108433736
1.00390351E9	191.65484922575388
1.0073104325E9	0.0
1.011855983E9	190.1655860349127
1.018669828E9	192.73743347131875
1.025483673E9	192.48578098471987
1.032297518E9	192.81675573177037
1.039111363E9	193.43437366395895
1.045925208E9	192.20489668345198
1.052739053E9	189.72982963677273
1.059552898E9	192.6342490842491
1.0652815955E9	192.41050583657588
1.068688518E9	0.0
1.073180588E9	195.95702005730658
1.079994433E9	194.51501014198783
1.086808278E9	194.90873362445416
1.093622123E9	192.40971700475833
1.100435968E9	192.24171270718233
1.107249813E9	190.30564839572193
1.114063658E9	193.8626865671642
1.120877503E9	192.9978646166987
1.127691348E9	189.64148773006136
1.134505193E9	191.93558926487748
1.141319038E9	190.42670786131137
1.148132883E9	191.6025300958988
1.154946728E9	195.7595210801172
1.161760573E9	190.8158085569253
1.168574418E9	192.36152694610777
1.175388263E9	191.07630522088354
1.182202108E9	193.26231130908192
1.189015953E9	192.73544303797468
1.195829798E9	193.08667648141332
1.202643643E9	191.82184772795668
1.209457488E9	192.16792249730892
1.216271333E9	192.29281210592686
1.223085178E9	192.48959068454482
1.229899023E9	192.0013768686074
1.236712868E9	193.13437446370344
1.243526713E9	192.36477086743045
1.250340558E9	192.1130607515312
1.257154403E9	193.8062538320049
1.2618183335E9	193.64994984954865
1.265225256E9	195.73846153846154
1.270782093E9	192.20823436262867
1.277595938E9	194.56712041884816
1.284409783E9	192.2329068372651
1.291223628E9	191.15894363614134
1.298037473E9	191.81353883348444
1.304851318E9	193.8326520798269
1.311665163E9	189.778768956289
1.318479008E9	193.71492572506483
1.325292853E9	192.92091727389626
1.332106698E9	190.8535451375436
1.338920543E9	192.16496665358963
1.345734388E9	192.4170703575548
1.352548233E9	191.21930415263748
1.359362078E9	193.9285089637079
1.366175923E9	192.47262592076447
1.372989768E9	194.13349339735893
1.379803613E9	193.6454855842185
1.386617458E9	193.2725413645659
1.393431303E9	192.47786065703858
1.400245148E9	192.26455026455025
1.407058993E9	193.43113080331344
1.413872838E9	193.10317052270779
1.420686683E9	192.23841859061415
1.427500528E9	190.56713706860415
1.434314373E9	192.54480483782297
1.441128218E9	193.45571458203693
1.444861853E9	190.06666666666666
1.4482687755E9	186.8686920700309
1.454755908E9	192.07822744743387
1.461569753E9	194.35476246750179
1.468383598E9	192.31954137587238
1.475197443E9	194.2878901842798
1.482011288E9	193.04590935844615
1.488825133E9	192.18300653594773
1.495638978E9	190.83935659076667
1.502452823E9	192.37353846153846
1.509266668E9	193.40008930564858
1.516080513E9	190.59747679124018
1.522894358E9	192.89191158610637
1.529708203E9	190.9688130618235
1.536522048E9	193.76644271570015
1.543335893E9	193.80541192692175
1.550149738E9	192.87953410981697
1.556963583E9	191.8076439527282
1.563777428E9	191.77493713327746
1.570591273E9	190.33656684943062
1.577405118E9	190.6047021318988
1.584218963E9	192.57357559443696
1.591032808E9	192.02683802683802
1.597846653E9	191.43079652996846
1.6032409105E9	191.2026678141136
1.606647833E9	0.0
1.611474343E9	194.91809238665527
1.618288188E9	193.38804713804714
1.625102033E9	191.287
1.631915878E9	190.7470695493618
1.638729723E9	191.74074074074073
1.645543568E9	191.75714623198678
1.652357413E9	189.60822051867558
1.659171258E9	190.30909813269764
1.665985103E9	193.6999002991027
1.672798948E9	189.99586111749827
1.679612793E9	191.3780260707635
1.686426638E9	193.06637970095153
1.693240483E9	193.19043534205449
1.700054328E9	193.3886891924275
1.706868173E9	193.343890588447
1.713682018E9	192.77007428369296
1.720495863E9	193.2729361852572
1.727309708E9	189.7018051771117
1.734123553E9	189.29697747362417
1.740937398E9	190.50019912385503
1.747751243E9	191.5995068175225
1.754565088E9	191.7597237880496
1.759854186E9	189.20693641618496
1.7632611085E9	201.21621621621622
1.768192778E9	196.50628648405927
1.775006623E9	197.59872773536895
1.781820468E9	194.99402919062362
1.788634313E9	193.730161343431
1.795448158E9	192.15172900494002
1.802262003E9	192.58899676375404
1.809075848E9	191.72
1.815889693E9	190.6605709188225
1.822703538E9	192.6096654275093
1.829517383E9	193.35137916838204
1.836331228E9	191.73916872138076
1.843145073E9	192.72481426448738
1.849958918E9	192.78083776903495
1.856772763E9	199.14993026499303
1.863586608E9	192.86993452486286
1.870400453E9	192.73466057441254
1.877214298E9	189.85942239219307
1.884028143E9	191.61537440254912
1.890841988E9	191.9292706030944
1.897655833E9	191.16203429923124
1.904469678E9	192.49021597332947
1.910723823E9	192.8843085106383
1.9141307455E9	0.0
1.918097368E9	193.37895359148683
1.924911213E9	193.11718352821555
1.931725058E9	192.720406681191
1.938538903E9	192.87144886363637
1.945352748E9	191.5632340425532
1.952166593E9	192.92485995750434
1.958980438E9	191.70671140939598
1.965794283E9	192.81281104511157
1.972608128E9	192.71209258384508
1.979421973E9	193.8742816091954
1.986235818E9	191.97792628594573
1.993049663E9	194.11452450869663
1.999863508E9	192.85142439737035
2.006677353E9	193.7523656776263
2.013491198E9	190.8448053146337
2.020305043E9	192.42075767765076
2.027118888E9	191.44592744695413
2.033932733E9	192.3231304347826
2.040746578E9	191.22494651966431
2.047560423E9	191.75879794385133
2.054374268E9	190.58352758352757
2.060544391E9	192.5754716981132
2.0639513135E9	0.0
2.068001958E9	193.91073880801977
2.074815803E9	197.42373869932925
2.081629648E9	195.40216937838966
2.088443493E9	193.24979773462783
2.095257338E9	193.9308165357021
2.102071183E9	192.09693318729464
2.108885028E9	191.77949709864603
2.115698873E9	194.078165374677
2.122512718E9	193.8340839061389
2.129326563E9	191.92019704433497
2.136140408E9	192.59129612109746
2.142954253E9	191.1222353537059
2.149768098E9	192.9667350193666
2.156581943E9	194.1668219944082
2.163395788E9	190.4638056680162
2.170209633E9	192.0807231448392
2.177023478E9	191.61590087764586
2.183837323E9	192.63920733704552
2.190651168E9	191.52032277346086
2.197465013E9	190.6471284783896
2.204278858E9	192.41588527302812
2.2082174155E9	189.46952224052717
2.211624338E9	194.39742366412213
2.217906548E9	191.80416740243686
2.224720393E9	193.7946831633506
2.231534238E9	195.39757688723205
2.238348083E9	193.12242322254943
2.245161928E9	191.58946078431373
2.251975773E9	191.80301399354144
2.258789618E9	192.75966658948832
2.265603463E9	191.4798418972332
2.272417308E9	192.95334590009426
2.279231153E9	190.1571641051066
2.286044998E9	193.19699664098005
2.292858843E9	191.45755274261603
2.299672688E9	190.29262009395362
2.306486533E9	193.04654226125137
2.313300378E9	190.94074340096967
2.320114223E9	193.23261432269197
2.326928068E9	191.62122037591936
2.333741913E9	191.6795460686301
2.3376495495E9	195.04074702886248
2.341056472E9	210.42151607963245
2.347369603E9	190.5216
2.354183448E9	193.9565664882668
2.360997293E9	191.96277465044489
2.367811138E9	192.69377404686952
2.374624983E9	186.81907504658648
2.381438828E9	191.4556925724118
2.388252673E9	191.91913793103447
2.395066518E9	190.39754901960785
2.401880363E9	191.51988593726549
2.408694208E9	193.17037804246505
2.415508053E9	191.97932142140132
2.422321898E9	191.02221733391994
2.429135743E9	193.2347666130145
2.435949588E9	192.2120006916825
2.442763433E9	189.59042386185243
2.449577278E9	193.00320729237
2.456391123E9	192.49964351917868
2.4612717095E9	191.92900363049617
2.462753523E9	230.14675226658258
2.4646867815E9	220.65416666666667
2.470018813E9	195.6431288635283
2.476832658E9	190.5276813074566
2.483646503E9	193.4563567362429
2.490460348E9	213.46942291128337
2.497274193E9	202.94384748700173
2.504088038E9	193.6359223300971
2.510901883E9	194.47810050714614
2.517715728E9	191.39903110657826
2.524529573E9	193.33873921004448
2.531343418E9	194.6091576018214
2.538157263E9	191.9615300546448
2.544971108E9	192.48704103671707
2.551784953E9	192.68323153803442
2.558598798E9	192.89173040152963
2.565412643E9	192.38336347197108
2.572226488E9	193.3215355295399
2.579040333E9	191.89134174311926
2.585854178E9	192.90723883831816
2.592668023E9	190.73616545556177
2.599481868E9	193.63144083969465
2.606295713E9	189.90014577259475
2.613109558E9	196.61512222853895
2.619923403E9	192.77313145878395
2.626737248E9	192.39124839124838
2.631968571E9	192.63272513243083
2.6353754935E9	162.0
2.640364938E9	206.94736842105263
2.647178783E9	193.8235294117647
2.653992628E9	214.0
2.660806473E9	187.5
2.667620318E9	199.57142857142858
2.674434163E9	207.6
2.681248008E9	223.6
2.688061853E9	251.5
2.694875698E9	218.33333333333334
2.701689543E9	168.75
2.708503388E9	235.5
2.715317233E9	238.83333333333334
2.7221309125E9	176.98387096774192
