# Position (bp)	A	C	G	T	N
0.0	38.529655320647464	11.701379926441026	13.869911155420919	35.899053597490585	0.0
1.0	38.17834069146971	12.371168643496134	13.68229546987642	35.76819519515774	0.0
2.0	37.696983276032306	12.231770261102694	13.291351495024262	36.77989496784074	0.0
3.0	37.632093820796676	12.482404282656068	13.147994975804988	36.73750692074227	0.0
4.0	37.57372929414666	12.37980457838886	12.901846842654226	37.144619284810254	0.0
5.0	37.30479188836231	12.6336051094029	12.83604581651325	37.225557185721534	0.0
6.0	37.47108161246338	12.452754239524372	12.761177058734912	37.31498708927734	0.0
7.0	37.18117807585613	12.801550054358412	12.542711894656946	37.47455997512851	0.0
8.0	37.08407178572902	12.652604166166903	12.414108430879416	37.84921561722466	0.0
9.0	37.06212211787667	12.857323800540609	12.393190277472588	37.68736380411013	0.0
10.0	37.08076134402014	12.656706235240947	12.213538842995824	38.04899357774308	0.0
11.0	36.83895516702378	12.825178931773234	12.224861513188511	38.11100438801447	0.0
12.0	36.981592025001994	12.800950336657529	12.230067062832184	37.98739057550829	0.0
13.0	36.76231124485083	12.914752767577244	12.198258035977306	38.12467795159463	0.0
14.0	36.93598949102678	12.626936248569073	12.156685604952038	38.28038865545211	0.0
15.0	37.05267056691074	12.658913196380201	12.214450413901169	38.073965822807885	0.0
16.0	37.08848570800753	12.67172316647108	12.126028036082854	38.11376308943854	0.0
17.0	37.14380366873705	12.574113113475224	12.112570370875021	38.16581858587526	0.003694261037444454
18.0	37.27528577747882	12.560367583770967	11.94623266935788	38.207271073360346	0.010842896031979826
19.0	37.25626273200679	12.50759242609319	11.955252423579173	38.28089241832085	0.0
20.0	37.128147921577096	12.405476888752947	11.989876272213126	38.47649891745683	0.0
21.0	37.24741513167618	12.453168155113211	11.98619324277897	38.31319947870783	2.3991723814952793E-5
22.0	37.23951766062283	12.556324315764089	11.934144430674213	38.27001359293887	0.0
23.0	37.23327205794124	12.51287503179761	12.003681323164498	38.246163888475586	0.004007698621063696
24.0	37.326632335976704	12.369321670435937	11.969527712182915	38.33019774150978	0.004320539894665238
25.0	37.274365934243754	12.495084342833657	11.977277779885155	38.25324793494383	2.4008093608517304E-5
26.0	37.396487217293995	12.31796110676189	11.917381886643836	38.359884924427625	0.008284864872653222
27.0	37.33293523552346	12.364179748367274	11.99861354350848	38.292813750035734	0.011457722565059808
28.0	37.3792411126721	12.363220820061178	11.90566636608345	38.35004561608627	0.0018260850970071665
29.0	37.40064085924747	12.249102547093445	11.951481782715451	38.37185603067203	0.026918780271610494
30.0	37.484689866097945	12.28592862243659	11.934210304856203	38.267159732724856	0.02801147388440999
31.0	37.38608827758597	12.450948745197103	11.940700238082295	38.21733175606018	0.004930983074460731
32.0	37.53224396845289	12.198109829694097	11.921726082194208	38.3417360152615	0.006184104397307292
33.0	37.55146658090508	12.278582969520615	11.955291958503203	38.21424926194324	4.092291278701406E-4
34.0	37.540897857585634	12.226851920977127	11.945353285724124	38.27678234705658	0.010114588656536985
35.0	37.40242612285099	12.229757192561124	11.95784292915701	38.37568933253313	0.034284422897754116
36.0	37.582342833024924	12.201237941591275	11.824393460926307	38.38838603588001	0.0036397285774856032
37.0	37.40646430553221	12.247873539282882	11.866387535664082	38.448430659812345	0.030843959708479966
38.0	37.505654960887576	12.122933239974705	11.803408345962243	38.54870118667922	0.019302266496259823
39.0	37.517323890178666	12.216417483483614	11.838906952755178	38.42735167358254	0.0
40.0	37.59356526973125	12.134754277493757	11.897372032661556	38.37430842011344	0.0
41.0	37.513880635356706	12.15490535309799	11.899489579282926	38.43172443226238	0.0
42.0	37.66958888554113	12.01230726969451	11.811965927704946	38.506137917059405	0.0
43.0	37.54301595984959	12.156129394717084	11.827172077630637	38.46758538893347	0.006097178869210433
44.0	37.60899149082565	12.070888561942999	11.92063978958393	38.399480157647425	0.0
45.0	37.79081640686982	12.13913595395243	11.910860351679604	38.159187287498135	0.0
46.0	37.87643839554675	12.055458176447388	11.844227255770006	38.22387617223586	0.0
47.0	37.747284614509496	12.056634195482529	11.774064790843092	38.42201639916488	0.0
48.0	37.82847139235824	11.926471441391516	11.846731677027982	38.398325489222266	0.0
49.0	37.742515890804476	12.004234470954692	11.813474372244297	38.43977526599653	0.0
50.0	37.84754760718834	11.913386360802166	11.75637507392949	38.48269095808	0.0
51.0	37.89526334752375	11.985080229528194	11.819602342185986	38.27178514440634	0.028268936355725395
52.0	37.93489722376216	12.00081512986202	11.829827763644477	38.21554244238519	0.01891744034615264
53.0	38.034967664182155	11.9414088284909	11.823279108510482	38.19744476253806	0.002899636278397247
54.0	38.14653779624358	11.927147387193873	11.775777559758403	38.14502580505605	0.005511451748093489
55.0	38.08263813294152	11.987313101334102	11.815290666172013	38.113757401504465	0.0010006980479065886
56.0	37.975559857585175	11.939565305013222	11.851062920236705	38.22736294405394	0.006448973110957758
57.0	37.90139442815536	11.963226333939039	11.861392393921554	38.27398684398405	0.0
58.0	37.86716362937774	12.000058734923174	11.713309945413231	38.419467690285856	0.0
59.0	37.84442244221189	11.902173566914085	11.761839930982013	38.48059016062555	0.010973899266463421
60.0	38.020317911166515	11.879347935892067	11.767832850951311	38.332476782402395	2.4519587717844278E-5
61.0	38.11150311890829	11.855557753679143	11.737349976019726	38.29421464235029	0.0013745090425513638
62.0	38.00759477186814	11.891653490683444	11.788309555137037	38.31244218231138	0.0
63.0	38.07731502195412	11.886465775743982	11.898936495993258	38.13728270630863	0.0
64.0	37.93559412181861	11.934687967851234	11.869041052714522	38.260676857615636	0.0
65.0	37.89015057675692	11.93166425709345	11.85288168933884	38.32180312492682	0.0035003518839658
66.0	37.974037217171905	11.923719703423503	11.874239284836435	38.227633616873	3.701776951650845E-4
67.0	37.86858633827664	11.98106354485301	11.868270071802373	38.28208004506797	0.0
68.0	37.819601455719955	11.910883537703281	11.787041954985094	38.48247305159167	0.0
69.0	37.86547947607858	11.918498801365535	11.745354455457317	38.469403982171336	0.0012632849272273571
70.0	37.95466603236383	11.915401926173995	11.692519550574284	38.42488682878263	0.01252566210525872
71.0	37.87543838865208	11.841690565227985	11.706805570146779	38.540276619793445	0.03578885617971221
72.0	38.022106422412634	11.954539621143613	11.728237544805275	38.29402208354101	0.0010943280974708089
73.0	37.964620592642184	12.02825630419536	11.76390449662076	38.2432186065417	0.0
74.0	37.91958454049645	11.912682664617972	11.779234757318122	38.38849803756746	0.0
75.0	38.15826254086487	11.934202535863784	11.806902243817529	38.0713556107179	0.029277068735912598
76.0	38.2120153401801	11.85809032371703	11.824638763177964	38.100101480575574	0.0051540923493253645
77.0	38.120642064469564	11.81654728089882	11.883655572581828	38.17915508204979	0.0
78.0	38.12153129166466	11.859468619986185	11.910645872488072	38.108354215861084	0.0
79.0	37.97888577234516	11.880794339035878	11.861386123679104	38.278933764939865	0.0
80.0	37.98544991198934	11.80317342002614	11.816343541226509	38.39503312675801	0.0
81.0	38.056574770039816	11.856526439682149	11.829637002690458	38.253679892603685	0.0035818949838839946
82.0	37.99591964211714	11.890548973391256	11.876651296678506	38.23637471775082	5.053700622818064E-4
83.0	38.0551517408219	11.92757204812836	11.885678818403354	38.1315467663869	5.062625948641179E-5
84.0	38.1908036305049	11.845956385553352	11.896854869326322	38.05771183038505	0.00867328423037156
85.0	38.12061436664562	11.89451737863794	11.892433746205947	38.0924345085105	0.0
86.0	38.13611988542236	11.786598000874276	11.790289618890085	38.28696703537868	2.54594345917847E-5
87.0	38.132118648585845	11.848329021957534	11.813790399538398	38.20073673891633	0.005025191001898094
88.0	38.209236217570414	11.880960620607409	11.677845213126771	38.22682063940842	0.005137309286977253
89.0	38.18642457727113	11.86750103023394	11.750506408964329	38.192007945799325	0.003560037731277595
90.0	38.19705617518386	11.83200013142075	11.738593859570766	38.232324165709244	2.5668115375098437E-5
91.0	38.18187478228117	11.840173670802445	11.745856717471586	38.2320948294448	0.0
92.0	38.13508363437583	11.779979835954402	11.83993048303461	38.245006046635154	0.0
93.0	38.22028448484423	11.855861425815377	11.810525401614107	38.11301852108409	3.101666421979649E-4
94.0	38.12155798340577	11.820820301083828	11.84266162580292	38.21159191389077	0.0033681758167049087
95.0	38.13718293777016	11.796192889577382	11.814400899335421	38.25219729898072	2.5974336316745604E-5
96.0	38.17812960812799	11.809514782594658	11.830059726155953	38.182295883121405	0.0
97.0	38.22187053244625	11.871905672416116	11.816376165806355	38.089847629331274	0.0
98.0	38.20716921855094	11.748920031128861	11.844332659991535	38.199578090328664	0.0
99.0	38.32873560744703	11.758962809729736	11.86706688884124	38.04518220353329	5.2490448706727204E-5
100.0	38.408021372500464	11.75963885085175	11.759928351276658	38.072411425371136	0.0
101.0	38.344834757694144	11.761434761230747	11.79793562914907	38.09579485192604	0.0
102.0	38.388314242010935	11.751982295717733	11.867861598080925	37.99184186419041	0.0
103.0	38.366164222400606	11.872926833411906	11.865865856300092	37.895043087887395	0.0
104.0	38.26576975354414	11.794416436248035	11.857917459320074	38.08189635088775	0.0
105.0	38.269623487858674	11.914708272456895	11.874063152688654	37.94160508699578	0.0
106.0	38.342219418674574	11.768926959994536	11.773319779876868	38.09440009214208	0.0211337493119478
107.0	38.23273271134917	11.786815694938454	11.863504563041394	38.11694703067098	0.0
108.0	38.42487651602421	11.629055915614208	11.797537489912937	38.103330334391856	0.04519974405678619
109.0	38.36320552034014	11.692134710533951	11.810846468920099	38.13381330020581	0.0
110.0	38.348722281780965	11.664586859034626	11.84841851861801	38.138272340566395	0.0
111.0	38.37274300284937	11.744430936533847	11.887511929088461	37.97641818313006	0.01889594839826887
112.0	38.462824766876075	11.69983190595477	11.898009101997456	37.9393342251717	0.0
113.0	38.335824679436286	11.671867368795732	11.988708457112237	38.003599494655745	0.0
114.0	38.43651068453818	11.7512029360392	11.981551219120146	37.830735160302474	0.0
115.0	38.3903871247768	11.7075689622733	11.937712582391	37.96430370227317	2.762828572841561E-5
116.0	38.399586188342546	11.69237041690415	11.868739607905134	38.039303786848166	0.0
117.0	38.602123472355096	11.707275782992841	11.857548261494717	37.833052483157346	0.0
118.0	38.55708653052644	11.7224139357736	11.809635525577173	37.91086400812279	0.0
119.0	38.512622204130906	11.647490648269667	11.807645609774926	38.032241537824504	0.0
120.0	38.60142005820225	11.622260118767787	11.799252716720753	37.9762774643808	7.896419284071145E-4
121.0	38.52532820475625	11.783667053501002	11.824607650253407	37.861212226987135	0.005184864502207676
122.0	38.46417737717846	11.71058344234829	11.852390665947334	37.972848514525914	0.0
123.0	38.5548034111367	11.781258884956229	11.837407517795656	37.826530186111405	0.0
124.0	38.61032043343787	11.68206513230673	11.87808999850913	37.82952443574627	0.0
125.0	38.47609369495387	11.787550676704052	11.838187707867897	37.828978404388195	0.06918951608598543
126.0	38.67401008148987	11.74071695427086	11.815523522751489	37.76974944148778	0.0
127.0	38.501807075057464	11.8360500686327	11.821472180140717	37.84067067616912	0.0
128.0	38.66903005331713	11.672720471589006	11.886353086324782	37.77189638876908	0.0
129.0	38.743672571126	11.825249116235987	11.838255931866906	37.59282238077111	0.0
130.0	38.895808801884016	11.910999901874202	11.679729663428514	37.51346163281327	0.0
131.0	38.86833333840043	12.20905113079174	11.393382565312432	37.52923296549539	0.0
132.0	36.063948645337256	10.572408503217162	13.450913153695165	39.912729697750414	0.0
