#Position (bp)	Coverage	Std
3406923.0	1.2299165889450083	2.524543185474099
1.0220768E7	2.199680063165511	2.4492501628362673
1.7034613E7	1.9955763596031315	2.776898024808137
2.3848458E7	2.184428322041373	2.4138139560406193
3.0662303E7	1.8149684942936037	2.5530636278194936
3.7476148E7	2.005333405734941	2.167077991243802
4.4289993E7	2.2074944469679014	2.4647127940075344
5.1103838E7	1.7751963832461701	2.510627660169959
5.7917683E7	2.128432625045037	2.664739390340099
6.4731528E7	2.210463255327939	2.466142726685644
7.1545373E7	2.1458464347222455	2.377830335265641
7.8359218E7	2.861378267336577	3.292963247632872
8.5173063E7	2.4110626232325507	2.725671087860143
9.1986908E7	2.303236425248887	2.5577217238982777
9.8800753E7	1.860050529473447	2.603146431519524
1.05614598E8	1.68531335831678	2.4256864294649283
1.12428443E8	1.899825575721197	2.659375377774169
1.19242288E8	2.346459451308329	2.6269809403745037
1.26056133E8	2.2308561465662926	2.4978598145366235
1.300790245E8	1.4937188397468055	2.2249425286050997
1.33485947E8	2.3124815587217773	11.835540036746817
1.39683823E8	2.262475298454837	2.5280420711114453
1.46497668E8	1.859355620798536	2.5974356790055944
1.53311513E8	2.2663554865131212	2.509085276226351
1.60125358E8	2.051366445817303	2.274928698411755
1.66939203E8	2.132699378984993	2.3689347603084463
1.73753048E8	2.0716227034809274	2.2672706950136474
1.80566893E8	2.433742329037423	2.750970664542446
1.87380738E8	2.661066549062974	3.0195404667664145
1.94194583E8	2.538085178045582	2.862000610110857
2.01008428E8	2.6553156110830227	3.0171084654445735
2.07822273E8	2.575582068567747	2.9063695139236594
2.14636118E8	2.491994314516987	2.793248846336713
2.21449963E8	2.208265964371071	2.493714137050632
2.28263808E8	2.696429842475137	3.05464723362089
2.35077653E8	2.5765445207514994	2.9064017554366175
2.41891498E8	2.410905149735575	2.715130631917095
2.48705343E8	3.079375741596705	2.710591170848054
2.52444901E8	2.224697905064252	2.5686817975669674
2.558518235E8	1.4623187425246895	44.74030128162821
2.62333033E8	2.153037235217414	2.3767804290954992
2.69146878E8	2.2070436001993	2.4626207043377955
2.75960723E8	1.9722055608837594	2.88540883756496
2.82774568E8	2.5009132141984445	2.8231764766519785
2.89588413E8	1.8360700896483557	2.5689272047712675
2.96402258E8	1.8138864326969575	2.5453057150116667
3.03216103E8	1.868477783101905	2.6115621183390743
3.10029948E8	1.9790594003826034	2.752677178883418
3.16843793E8	1.6063202200813198	2.3344781090957247
3.23657638E8	2.264883923834487	2.538505398801476
3.30471483E8	2.332680887223	2.761836609712915
3.37285328E8	2.5499764083274568	2.9149336909026218
3.44099173E8	1.879533655373728	2.64074681079198
3.50913018E8	2.070671845338425	2.287928831841554
3.57726863E8	2.80375426796471	3.1862106254073868
3.64540708E8	2.7604013592912664	3.204253035296714
3.704270945E8	2.1668467459096	2.4427819042191166
3.73834017E8	0.0	0.0
3.78168398E8	1.6635823092541728	2.5339698049945505
3.84982243E8	2.135258433380859	2.435189842798734
3.91796088E8	2.0632039619333873	2.2378686506469605
3.98609933E8	2.0357795048170306	2.219234147582229
4.05423778E8	2.323649275849392	2.6080797309407955
4.12237623E8	2.3168130475524467	2.5724197774915414
4.19051468E8	2.4946456809628046	2.8557788799555177
4.25865313E8	2.6713451802910106	3.037633371256962
4.32679158E8	2.4900515054275525	2.8006171941207225
4.39493003E8	2.003634071511753	2.2588088284976724
4.46306848E8	2.4202326293010774	2.7271713237782764
4.53120693E8	1.8023163133296987	2.5383732913958776
4.59934538E8	1.669206299820439	2.3878438650493585
4.66748383E8	2.3393953047068137	2.6131320227780064
4.73562228E8	2.3522482533723617	2.6290328667351286
4.80376073E8	2.079027039799115	2.257606000823307
4.87189918E8	2.1240450876120605	2.3359148536045797
4.91962519E8	1.7166858817796429	3.3891123556120784
4.953694415E8	0.12072466593900583	0.6448562294515777
5.00817608E8	1.4618037246224416	2.3374745630693554
5.07631453E8	2.225115481787449	2.4615311252906804
5.14445298E8	2.556296921928808	13.87404206125089
5.21259143E8	2.424331783302966	2.7879941672392103
5.28072988E8	2.362635046732058	2.7004843719569993
5.34886833E8	1.65625120618388	2.5738060654910835
5.41700678E8	2.3135580571615586	2.5589679546310404
5.48514523E8	2.2733337785053815	2.59066717223687
5.55328368E8	2.5415447518985244	2.8625571106858883
5.62142213E8	2.309831233319807	2.672239222933638
5.68956058E8	2.3447046417991606	2.61759714197308
5.75769903E8	1.6842494949620956	2.436718290429333
5.82583748E8	1.5988909345604427	2.354203662170551
5.89397593E8	1.609697755085418	2.349523074839633
5.96211438E8	2.0028261576246598	2.151078602851509
6.03025283E8	1.4766804939061573	2.1822031488531817
6.09839128E8	1.966788061659753	2.7375582843617217
6.15738246E8	2.164208827116492	2.415851004088554
6.191451685E8	0.0	0.0
6.23466818E8	1.6902596111299861	2.5233762095749186
6.30280663E8	2.0348719408791953	2.224483298473948
6.37094508E8	1.4946073765986752	2.202653495248711
6.43908353E8	1.984709220711654	2.767712107588654
6.50722198E8	2.1040606294977358	2.3062092644825634
6.57536043E8	2.1457981506770407	2.3987040893986125
6.64349888E8	1.6086372672110973	2.3346081444286537
6.71163733E8	1.9317143257588043	2.7345096993865585
6.77977578E8	2.187935005859394	2.401521688021083
6.84791423E8	2.201190223728306	2.4497868109443512
6.91605268E8	2.6477634874289038	4.987869350191424
6.98419113E8	2.8450303756542743	3.2381824682268925
7.05232958E8	2.8292005468278187	3.2342698366466034
7.12046803E8	2.269112226650298	2.5212936519406375
7.18860648E8	2.5933029001980525	2.9691546170908265
7.222708485E8	0.0	0.0
7.25677771E8	1.3849719029117171	2.4325543839052535
7.32488338E8	2.5339114699556564	3.0882343752230415
7.39302183E8	2.3854367101100773	2.932952472481997
7.46116028E8	2.351577413340045	2.6456532381595395
7.52929873E8	2.442439034054928	2.7790974193325124
7.59743718E8	2.2397082704405515	2.5121659716912443
7.66557563E8	1.9760902985025341	2.7379210648029333
7.73371408E8	1.806540066585019	2.5427860917601874
7.80185253E8	1.8654580490163777	3.738660038749579
7.86999098E8	1.577844814491671	2.276142231006834
7.93812943E8	1.5818655986451116	2.6311870239865214
8.00626788E8	1.6661959583759243	2.390259916138477
8.07440633E8	1.7762156315560451	2.536520635204532
8.14254478E8	2.659918005179161	3.0453533316835784
8.190716475E8	2.567443859125387	2.9664689250389724
8.2247857E8	0.6148625552825183	3.024936484897854
8.27882168E8	2.4118518985976345	2.772305363706528
8.34696013E8	2.359277030810064	2.9054906750210434
8.41509858E8	1.9251805698544655	2.708510705960761
8.48323703E8	2.9810468245168478	3.3915440675446296
8.55137548E8	2.527043247975262	2.906461162706682
8.61951393E8	2.1969886312353744	10.634505177814015
8.68765238E8	2.6763626117118897	3.0564414694493585
8.75579083E8	2.1605939084320234	2.418792237925764
8.82392928E8	1.8447003123786936	2.614304348473701
8.89206773E8	2.4163138433586324	2.7734247213121126
8.96020618E8	2.136646342850476	2.3509555565194633
9.02834463E8	2.354685937235144	2.6541042603809375
9.09648308E8	2.1736797652426785	2.4370762325419597
9.14262198E8	1.6168550520208704	2.3181527888751337
9.176691205E8	0.738603062335366	1.9522191338180426
9.23275998E8	2.181030093875044	2.3777812981105666
9.30089843E8	2.181360157150625	2.4032804982495533
9.36903688E8	1.9763157218868348	2.7393741437616
9.43717533E8	1.8951662387389205	2.6305428031320144
9.50531378E8	2.44437597274373	2.7657417116204965
9.57345223E8	2.1654523987557686	2.5389699171038824
9.64159068E8	1.9184938900136412	2.6815245199221747
9.70972913E8	2.1900392509662314	2.3967948775209464
9.77786758E8	2.404048228276399	2.706422785332195
9.84600603E8	2.13914155663946	2.431914785692909
9.91414448E8	2.481044109456555	2.82122473838819
9.98228293E8	2.4110464796308104	2.768043419170035
1.00390351E9	1.602170264928121	2.340058039781
1.0073104325E9	0.0	0.0
1.011855983E9	2.372438615788883	2.815583958397601
1.018669828E9	2.1154251380828297	2.3331704065560985
1.025483673E9	2.0827889392846477	2.2594370882866004
1.032297518E9	2.377329246556093	2.6457324234376434
1.039111363E9	2.028772301101654	2.183330154977738
1.045925208E9	2.34970695693841	2.6521443619703575
1.052739053E9	2.4725877973449646	2.8046653408794997
1.059552898E9	2.2439760517006184	2.4917349834889184
1.0652815955E9	2.434337737291512	2.7476413144365504
1.068688518E9	0.0	0.0
1.073180588E9	1.6758185723332422	2.44902284430208
1.079994433E9	2.100488930992707	2.2987564134473875
1.086808278E9	1.9731109234213575	2.7586469857617444
1.093622123E9	1.72972514050437	2.484479198659199
1.100435968E9	2.1054125827634764	2.3573606025766747
1.107249813E9	2.512195390414663	2.838251125161614
1.114063658E9	1.809498014703886	2.5763697187286616
1.120877503E9	2.0116126797718468	2.1669109133084388
1.127691348E9	2.2351149754653945	2.4608264481269058
1.134505193E9	1.8648064345461337	2.633036890984404
1.141319038E9	2.3416451357493457	2.63164084321788
1.148132883E9	2.11117291338444	2.6200411816010796
1.154946728E9	3.194866774926638	4.597082902497611
1.161760573E9	2.2867595315126774	2.7286093661285262
1.168574418E9	1.7461085481105014	2.4718532948668956
1.175388263E9	1.8227423723316278	2.5747620952098282
1.182202108E9	1.7680993624011112	2.475550977224346
1.189015953E9	2.2398278798534457	2.5394060031033305
1.195829798E9	2.2922492366644676	2.5592534905839464
1.202643643E9	2.6698821296932937	3.0342234891619326
1.209457488E9	1.644274268052766	2.3800970070717913
1.216271333E9	1.7165615008853299	2.4725576784535828
1.223085178E9	2.366664489726432	2.6632056386973217
1.229899023E9	2.204491443524178	2.453240217015484
1.236712868E9	2.3822512839666885	2.675308243338356
1.243526713E9	2.1768726761468744	2.539237588573591
1.250340558E9	2.576847580184169	3.5751240613112993
1.257154403E9	2.5616398670647778	2.8997842686695026
1.2618183335E9	2.293727247559284	2.5723367045269687
1.265225256E9	0.7050264091897608	1.8287429203420067
1.270782093E9	2.1798115454636844	2.431965446904694
1.277595938E9	1.9977883265615817	2.7531538037291816
1.284409783E9	2.0947878914181346	2.571898104120833
1.291223628E9	3.1149899946359216	2.752080408518516
1.298037473E9	2.6595381902582167	3.0280182476608077
1.304851318E9	1.8009665614641954	2.6879960938308334
1.311665163E9	1.9151671339750171	2.671406639713499
1.318479008E9	1.8322403870355137	2.571065963595447
1.325292853E9	1.9983702300243107	2.8709205316322346
1.332106698E9	2.1551677503670836	2.373754825684816
1.338920543E9	2.2130980378919687	2.4239445127353174
1.345734388E9	1.8458749795453229	2.619323286812858
1.352548233E9	1.9002162508833118	2.7138331933660194
1.359362078E9	3.5844010246784306	159.77725828523108
1.366175923E9	2.1402906875633363	2.405991117695972
1.372989768E9	1.8397703499272438	2.583553188432113
1.379803613E9	2.2529426483872177	2.5065681797579136
1.386617458E9	2.3109408857994276	2.5814407509841395
1.393431303E9	2.537511493143739	2.857270588964
1.400245148E9	1.9943767432338129	2.735059837854291
1.407058993E9	2.244356453661626	2.4869027521857534
1.413872838E9	2.427268597979555	2.751352986303263
1.420686683E9	2.659870454934035	3.027706295736623
1.427500528E9	2.7999310227925642	3.2006541663546484
1.434314373E9	2.8325711841111736	3.2280627661552614
1.441128218E9	1.890162309239497	2.9349171445478706
1.444861853E9	2.1061284768718673	2.449664050807086
1.4482687755E9	0.9196384337431539	3.083753194656626
1.454755908E9	1.9502018317117575	2.7392063975338794
1.461569753E9	1.821329953939369	2.5743219078516515
1.468383598E9	1.8155417389153994	2.5382040277683178
1.475197443E9	2.287402340381972	2.583978399370746
1.482011288E9	2.2377117471853265	2.475650868375775
1.488825133E9	1.7256728029475281	2.492798320344806
1.495638978E9	2.0372416748546525	2.2444423032648424
1.502452823E9	2.0624331783302967	2.2532366228047858
1.509266668E9	1.9256456523446013	2.690695088807864
1.516080513E9	1.8420257578503767	2.6322990404104947
1.522894358E9	1.7715191642897659	2.5177011879182003
1.529708203E9	2.2628557004158445	2.516078039585404
1.536522048E9	2.268360521849264	2.5818371209784283
1.543335893E9	2.4534254888392675	2.7964458164119277
1.550149738E9	2.54021716079541	2.9059692803699892
1.556963583E9	1.703570891324942	2.466346986109844
1.563777428E9	2.011301695298323	2.1608050517912667
1.570591273E9	1.9901113101339993	2.7672742393177376
1.577405118E9	2.1632046223534585	2.384336303932276
1.584218963E9	1.9919292264499706	2.7516498131513694
1.591032808E9	2.2365640838616083	2.4846773140100873
1.597846653E9	2.1890908877439976	2.440391090354953
1.6032409105E9	1.8625231780248424	2.6224554483544633
1.606647833E9	0.0	0.0
1.611474343E9	2.0713925837761207	2.3323732134776813
1.618288188E9	2.048455901183546	2.2395169609681513
1.625102033E9	1.7844463735233191	2.5308663314939523
1.631915878E9	1.6495426591006987	2.3631517708872662
1.638729723E9	2.0320424077741714	2.21598566726454
1.645543568E9	1.8134285414475968	2.6918152070944044
1.652357413E9	2.4855054671774894	2.8233744767780276
1.659171258E9	2.1042772472810873	2.3225731255722586
1.665985103E9	2.0541983270825797	2.4078137717061385
1.672798948E9	1.849505528816696	2.585674230199866
1.679612793E9	1.7410363752037212	2.494330623621831
1.686426638E9	1.916283097135318	2.7166723164337014
1.693240483E9	1.9994169224571443	2.765403119047128
1.700054328E9	1.8817205263694727	2.621292580371875
1.706868173E9	2.3480419645589237	2.6246902565053434
1.713682018E9	2.3678988882195	2.7019557100664824
1.720495863E9	2.347577615868867	2.7603257063417543
1.727309708E9	2.3743447348743625	2.7682829239717313
1.734123553E9	2.7525086056404278	3.1495698936130023
1.740937398E9	2.931655621752476	3.3421685917702892
1.747751243E9	2.6901335442763963	3.1294426355326803
1.754565088E9	2.815795046702706	3.6717512465271156
1.759854186E9	3.0218738900809194	2.7328411440242535
1.7632611085E9	0.03178560115219115	0.3802243309770507
1.768192778E9	1.943625221882799	2.6899732992422236
1.775006623E9	1.7564367842238853	3.6353932410640057
1.781820468E9	1.911836855696013	2.6646215551786008
1.788634313E9	2.5267039388186845	2.8716655783166556
1.795448158E9	2.849241801068266	3.3215952975275145
1.802262003E9	2.1714736686848615	2.4044484173032123
1.809075848E9	1.8650183560089788	2.597607184819772
1.815889693E9	1.9284903017312545	2.71048288233225
1.822703538E9	1.6118047886325562	2.385598180494419
1.829517383E9	2.019142642663577	2.2082573058943913
1.836331228E9	2.3040641517381157	2.568460476292255
1.843145073E9	1.482417636444621	2.166261340621622
1.849958918E9	1.8485056528289094	2.606967798266619
1.856772763E9	1.8242045423692497	2.726494555578771
1.863586608E9	2.296276037978557	2.547341880971002
1.870400453E9	2.4686455297999883	2.7912161633627894
1.877214298E9	2.9201026733070683	3.313085217815915
1.884028143E9	2.7868095032980644	3.174062810463891
1.890841988E9	2.536453646949703	2.8561883047257397
1.897655833E9	2.606479894978533	2.963276776467699
1.904469678E9	2.785695007737922	3.1952631442005472
1.910723823E9	2.4977888099718233	3.3537785890845373
1.9141307455E9	0.0	0.0
1.918097368E9	1.473100576840242	2.4756640584491207
1.924911213E9	1.7226267988191688	2.456880971148027
1.931725058E9	1.732741058829486	2.4673012916870642
1.938538903E9	1.801094536197991	2.5422178986108928
1.945352748E9	2.47066289297746	2.7925793941011356
1.952166593E9	2.244732159302127	2.5048578724811787
1.958980438E9	1.9138730041555099	2.729759759935153
1.965794283E9	2.5808799583788593	2.9170967289891276
1.972608128E9	1.8452955710028625	2.585768391494521
1.979421973E9	1.8295019919003148	2.588429343315437
1.986235818E9	2.0433809398364655	2.2348698200706294
1.993049663E9	1.845981233796777	2.5899127742231927
1.999863508E9	2.7160730835526783	3.095003423581496
2.006677353E9	2.5279271835505503	2.8620295055803933
2.013491198E9	2.215090158346719	2.471137664049294
2.020305043E9	1.8878731465127252	12.954692160632474
2.027118888E9	2.449090491491955	2.8098115949660114
2.033932733E9	2.3970959128069396	2.7448288435846786
2.040746578E9	2.43496131772883	2.7613762320112083
2.047560423E9	2.088711439723093	2.3036515517573766
2.054374268E9	2.168596585334712	2.3816488258911455
2.060544391E9	2.3944695652740364	2.7340330911661104
2.0639513135E9	0.0	0.0
2.068001958E9	1.4739489964917019	2.375976063953354
2.074815803E9	1.5052102007016597	2.31417934654921
2.081629648E9	1.9027139595925648	2.848768417040758
2.088443493E9	1.9952101933636588	2.9403861770632918
2.095257338E9	2.2509663780141755	2.621200787009794
2.102071183E9	2.222488330744242	2.5323765856905998
2.108885028E9	2.5123417101504364	2.879799931427893
2.115698873E9	1.993287050116344	2.827364009488666
2.122512718E9	1.84733274678247	2.773123080680844
2.129326563E9	2.482385202481125	2.8075718352001515
2.136140408E9	2.1720794940301693	2.390450276737925
2.142954253E9	2.4265911537465263	2.7253749856749434
2.149768098E9	1.9154910333299333	2.6830796890072444
2.156581943E9	1.860405835471749	2.5986399353057363
2.163395788E9	2.470958320889307	2.7878657753203764
2.170209633E9	1.9956312478490486	2.8183922078113035
2.177023478E9	2.4532790223434784	2.7633315507193372
2.183837323E9	2.5182367664659235	2.8311394368018656
2.190651168E9	2.621609972049555	2.9609965273158543
2.197465013E9	2.7057696498819683	3.052589236591267
2.204278858E9	2.9175026728667883	3.3409058064941073
2.2082174155E9	2.93178120326916	3.447462432796053
2.211624338E9	1.0121975628524105	1.8727113312012633
2.217906548E9	2.3279582966739043	2.6513487824645607
2.224720393E9	2.493066836712605	2.8534872271993037
2.231534238E9	2.2252616547632065	2.9700871563691242
2.238348083E9	2.037644677858096	2.205581381342053
2.245161928E9	2.0782489181952335	2.3253889642555214
2.251975773E9	1.9769520733154335	2.7540294311405424
2.258789618E9	1.8538506526051004	2.646115252910881
2.265603463E9	1.643791427600716	2.426301601057064
2.272417308E9	1.8930238360279694	2.655978972734043
2.279231153E9	2.4989150765830455	2.929779352270891
2.286044998E9	2.180559287744291	2.4113884569174715
2.292858843E9	2.449298450434373	2.806945823166214
2.299672688E9	2.631433060188484	2.9788689418604113
2.306486533E9	1.944474228574322	2.7452158431211635
2.313300378E9	2.3037251361015696	2.596800011501717
2.320114223E9	2.4617599901377267	2.761980239501372
2.326928068E9	2.851871593791758	3.2566108027448415
2.333741913E9	2.955570166330464	3.3806380241509606
2.3376495495E9	1.7883981674169287	2.6077722140527704
2.341056472E9	4.409195692600858	97.37898400927689
2.347369603E9	1.8946198512000199	2.6296775412089954
2.354183448E9	2.0912081211122353	2.2996002659557586
2.360997293E9	2.311086324975106	2.5973657852316667
2.367811138E9	2.4063704120067304	2.6828828771471493
2.374624983E9	2.3052206206627828	40.98544935718042
2.381438828E9	2.734402088688545	3.0978528094865
2.388252673E9	2.390225195906276	2.6671551157026148
2.395066518E9	2.4731233246426942	2.7814070171129313
2.401880363E9	2.6705189214019396	3.015936486104291
2.408694208E9	2.382668082411619	2.655604666675945
2.415508053E9	2.123951601481983	2.3521256845251672
2.422321898E9	1.9388223536050497	2.6969025368114323
2.429135743E9	1.878864136181554	2.6396625106651035
2.435949588E9	2.427272413739966	2.743764600905975
2.442763433E9	2.624851607279003	2.970635710177222
2.449577278E9	2.4687171486877086	2.8084194696808216
2.456391123E9	2.759949191682523	3.135884513345571
2.4612717095E9	2.354943528511248	3.224302076261563
2.462753523E9	6380.6516350696365	4796.896287113626
2.4646867815E9	0.22319255688898654	1.1248331680713832
2.470018813E9	1.8635432710899646	2.77211658073811
2.476832658E9	2.0898252014831566	2.2763096085055983
2.483646503E9	1.8155774015992439	2.5442696874078874
2.490460348E9	0.5539299763936515	1.445413575229581
2.497274193E9	1.3054183064040934	2.7090575646788007
2.504088038E9	1.6880921124563297	2.4168300950764205
2.510901883E9	1.8335651896983274	2.6131682192557504
2.517715728E9	1.6932366380509096	2.51299548229852
2.524529573E9	1.703920620442643	2.448789751234348
2.531343418E9	1.7588367507626017	2.5022477565505152
2.538157263E9	1.9975273872534522	2.8028832199314757
2.544971108E9	1.6106791393112112	2.3353600196567363
2.551784953E9	1.5920978537081487	2.313618570688602
2.558598798E9	1.8527756354892135	2.623065753425768
2.565412643E9	2.1223183092659137	2.3405324875460183
2.572226488E9	1.6302352049393551	2.6770283972544364
2.579040333E9	1.5497991222283454	2.2496404968890293
2.585854178E9	1.0643294644947163	1.813696701559453
2.592668023E9	1.5979468273786679	2.3562015764767956
2.599481868E9	1.8377449149489018	2.5929215498285916
2.606295713E9	1.8369962921082004	2.8048346139537497
2.613109558E9	1.5095917209739875	2.3057463231836772
2.619923403E9	1.85002300463248	2.593552594160821
2.626737248E9	2.0108533434499902	2.1388219073259647
2.631968571E9	1.3545172784155672	2.1596219923303397
2.6353754935E9	0.015617792359284736	0.2127908344742127
2.640364938E9	0.010362577957085903	0.21056685916753318
2.647178783E9	0.00568973905335387	0.11507137970592574
2.653992628E9	0.004375943391726697	0.0941293919832956
2.660806473E9	0.0026650151272886308	0.0758755685356992
2.667620318E9	0.0030358776872676145	0.08683368777624056
2.674434163E9	0.00917514266908038	0.17045386652134742
2.681248008E9	0.003094875213627548	0.1028545039384347
2.688061853E9	0.0014670131181440142	0.051781323747512785
2.694875698E9	0.0023019308481481452	0.06451899789007248
2.701689543E9	0.002188632115934542	0.06345939516037655
2.708503388E9	0.0019229964872990214	0.0652698225770849
2.715317233E9	0.004461210960918542	0.09887799924121327
2.7221309125E9	0.024253417546364474	0.3925214225271535
