# Position (bp)	A	C	G	T	N
0.0	38.683813664347525	11.110262166618089	13.564062058485204	36.641862110549184	0.0
1.0	38.339096712181856	11.691162695490236	13.392215322385065	36.57752526994284	0.0
2.0	37.878791047665246	11.595645315242955	13.042734738467496	37.48282889862431	0.0
3.0	37.673861434162426	11.823216085545125	12.921078569886996	37.58184391040545	0.0
4.0	37.69143636513315	11.710441943098964	12.687064325715824	37.911057366052056	0.0
5.0	37.4681174866002	11.86668283468351	12.590572414544985	38.0746272641713	0.0
6.0	37.6406228098085	11.692695690481859	12.506949651460571	38.15973184824907	0.0
7.0	37.47144602144413	11.92244024323224	12.332297245281424	38.27381649004221	0.0
8.0	37.35384594846556	11.833886976662432	12.213424497215467	38.59884257765655	0.0
9.0	37.237643148135376	11.999143391768106	12.181812316023914	38.5814011440726	0.0
10.0	37.33053285481937	11.799157631489363	12.02494398672146	38.84536552696981	0.0
11.0	37.0985054967549	11.993276181618745	11.99208582991988	38.916130266750024	2.22495644647756E-6
12.0	37.14684267555462	11.974617696858585	11.999597282883187	38.8789423447036	0.0
13.0	37.00675274281506	12.120263345845004	11.966879298337735	38.9061046130022	0.0
14.0	37.132140163356304	11.962578457526694	11.877498347969837	39.027783031147166	0.0
15.0	37.21423215640554	12.01552574608352	11.954399517629442	38.8158425798815	0.0
16.0	37.362954920157435	11.962972274817721	11.882028359294866	38.79204444572997	0.0
17.0	37.43044897396133	11.962596257178266	11.843111646089529	38.75956675648074	0.00427636629012987
18.0	37.540016954168124	11.959367845374427	11.700120370143754	38.78799724995383	0.012497580359864457
19.0	37.45012648877398	11.949213144152704	11.716500499502722	38.88415096774481	8.89982578591024E-6
20.0	37.43246605232114	11.872573081761532	11.725532539954195	38.969428325963136	0.0
21.0	37.461427248012306	11.934293193192993	11.72633023282621	38.87794265007574	6.675892750447785E-6
22.0	37.47716170665662	12.01997575740742	11.654278186854556	38.848584349081406	0.0
23.0	37.49067986790922	12.038454237283307	11.685221898833449	38.78119205802763	0.004451937946395818
24.0	37.560113801943245	11.900942010177127	11.647669322647959	38.885234597283336	0.006040267948334491
25.0	37.522704961401374	11.98152546297188	11.708338832926959	38.78741070031371	2.004238608347569E-5
26.0	37.62445100313139	11.838625710184004	11.648110256388952	38.878468541672795	0.01034448862285565
27.0	37.59606186166762	11.864734613820225	11.707548198735303	38.8194608844858	0.0121944412910511
28.0	37.65639183995867	11.849600304538367	11.659941370123992	38.83052275000106	0.0035437353779126327
29.0	37.66753956040338	11.806221648036662	11.699765754675191	38.797726601512984	0.02874643537178645
30.0	37.734935336197466	11.818159211774804	11.685139463436018	38.73244740480018	0.029318583791524484
31.0	37.667862924777005	11.940820206368356	11.671539423909532	38.71430691561472	0.00547052933038133
32.0	37.79313396531752	11.805724978698159	11.632933274378358	38.760320236131776	0.007887545474188231
33.0	37.78992530072722	11.831145977633824	11.687944294241502	38.69023867832902	7.457490684332613E-4
34.0	37.82000639144441	11.749176437571856	11.664044292213873	38.755349852732536	0.01142302603732926
35.0	37.66520439528321	11.791400691222382	11.68081583592647	38.826059349753095	0.036519727814846345
36.0	37.72199753529692	11.775911875531019	11.564096564889951	38.93263995917408	0.005354065108024914
37.0	37.63988118727649	11.82046506736807	11.552514030863192	38.95396844520388	0.0331712692883763
38.0	37.80632223405281	11.702828311340944	11.480688615827807	38.98945781205098	0.020703026727466545
39.0	37.77327870878088	11.772397648356607	11.547505631981778	38.90681801088074	0.0
40.0	37.91053448033223	11.703665296953076	11.568139167750067	38.81766105496463	0.0
41.0	37.88920676706335	11.700863926288232	11.59631858804911	38.81361071859931	0.0
42.0	37.90961036580809	11.613488702752802	11.500054225638824	38.97684670580029	0.0
43.0	37.80446857471792	11.769706653946734	11.504507444585544	38.914645013773786	0.00667231297602047
44.0	37.85771421530549	11.715339211095282	11.569056006137297	38.85789056746193	0.0
45.0	37.982471476112536	11.715731310124799	11.604597750284059	38.697199463478604	0.0
46.0	38.091183649852475	11.649101380792331	11.550713556020016	38.70900141333518	0.0
47.0	38.08419204923767	11.624917055520246	11.468394925113804	38.82249597012828	0.0
48.0	38.11136065799358	11.537047951959323	11.52108323831679	38.830508151730314	0.0
49.0	38.00538079765444	11.589313228124636	11.467951293122061	38.93735468109887	0.0
50.0	38.09779830013031	11.526022697051044	11.46041309104821	38.915765911770436	0.0
51.0	38.14399456275389	11.556671233150764	11.504915293552354	38.76389432839791	0.03052458214507722
52.0	38.22056198614495	11.586222011328777	11.528689700435901	38.644431359913376	0.020094942176995503
53.0	38.265042533025536	11.54177810371915	11.549883026763998	38.64076538083969	0.002530955651634121
54.0	38.347730090452565	11.556349463994428	11.472191377348977	38.61660980510781	0.007119263096227562
55.0	38.29621588080222	11.582469332947001	11.527189390316712	38.59269562541494	0.0014297705191212155
56.0	38.22794624280137	11.578689840290162	11.558623155065163	38.62688632039738	0.007854441445918814
57.0	38.14618452770633	11.578595975245083	11.572396298704895	38.70282319834369	0.0
58.0	38.13304243569956	11.625459563712399	11.439142028528883	38.80235597205916	0.0
59.0	38.134223435485374	11.555027628331493	11.43916143983757	38.859793168671956	0.011794327673603862
60.0	38.247386625623776	11.510827620388046	11.438460322028583	38.80331636451211	9.067447482704298E-6
61.0	38.34062682620432	11.500978395754021	11.427185533613457	38.72982535885911	0.0013838855690885702
62.0	38.233708483162125	11.576913041160342	11.507491447123384	38.68188702855415	0.0
63.0	38.22591179409594	11.54447923481871	11.558793365378897	38.670815605706444	0.0
64.0	38.155727632214045	11.599496861594135	11.548647622208415	38.6961278839834	0.0
65.0	38.11304976988595	11.62390323290594	11.522736914394732	38.7356320426131	0.004678040200277486
66.0	38.14631727343055	11.62161659658581	11.48989827642651	38.741564048702486	6.038048546457155E-4
67.0	38.15764032628917	11.592470774721269	11.464465716460918	38.78542090189618	2.2806324631701803E-6
68.0	38.116112390877646	11.577809342198533	11.43096637692166	38.87511189000217	0.0
69.0	38.11959668122721	11.59929815281713	11.402366068736502	38.87637864512472	0.00236045209444194
70.0	38.16075543113321	11.604406391873107	11.37396459709147	38.84725897692297	0.013614602979237457
71.0	38.15063510112207	11.528763812742158	11.346895501958668	38.93666880918972	0.03703677498738402
72.0	38.2294172730426	11.629874873274682	11.35082932019299	38.788523832153466	0.001354701336262728
73.0	38.224013452801096	11.665516373113297	11.36153092663483	38.74893924745078	0.0
74.0	38.21325258605482	11.628808205372684	11.391487604917678	38.766451603654815	0.0
75.0	38.36986978331811	11.561766464436118	11.39930983762548	38.63851567504286	0.030538239577434297
76.0	38.457758435824545	11.538369699122581	11.444781781662595	38.553411808504535	0.005678274885747745
77.0	38.41178686317372	11.516528895230902	11.491506439224976	38.580177802370414	0.0
78.0	38.36952116312371	11.528438475126562	11.552866301816543	38.549174059933186	0.0
79.0	38.30261772994733	11.535849810634888	11.493549633155796	38.66798282626199	0.0
80.0	38.28360070071603	11.512663250158035	11.449921298919682	38.753810122024106	4.62818214423725E-6
81.0	38.337142927981574	11.527995220174256	11.456351128575761	38.67522963288051	0.0032810903878997275
82.0	38.282699536505646	11.539739311224686	11.489221684211092	38.68786844664191	4.7102141667092824E-4
83.0	38.383592634620065	11.557739462745138	11.482760721437224	38.57580959498329	9.758621428361983E-5
84.0	38.429559997207804	11.497747632454569	11.539811992461084	38.523119342904344	0.00976103497219443
85.0	38.450314977767235	11.507880619301703	11.511415584700055	38.53038648799673	2.3302342770937503E-6
86.0	38.46109128499794	11.471626417824968	11.445656788335826	38.621602171647254	2.3337194005337637E-5
87.0	38.430520779348846	11.503638450766534	11.428085001592056	38.63210883455071	0.005646933741857202
88.0	38.46062278668242	11.52432016931309	11.34183310334198	38.667596276827496	0.0056276638350122535
89.0	38.51424153686096	11.505802402004107	11.334261831451634	38.641393991761035	0.004300237922269472
90.0	38.53283057914664	11.470505734125497	11.353557443552127	38.64303343380479	7.280937095122648E-5
91.0	38.50844022860635	11.498289950909099	11.39933831312503	38.59392915456122	2.3527982924142888E-6
92.0	38.507606974250244	11.471694441519716	11.43141923697167	38.58927934725836	0.0
93.0	38.516986608948706	11.498560931552708	11.399140738631912	38.584893750838006	4.179700286680211E-4
94.0	38.39475865478328	11.520884006802527	11.412946737604083	38.667161623616515	0.004248977193591256
95.0	38.433371323593725	11.46854866759998	11.417650315115628	38.680149993341715	2.7970034895699977E-4
96.0	38.47160845772185	11.501434604054339	11.40960692981765	38.617345258494126	4.7499120256918946E-6
97.0	38.515747530913686	11.51959235752216	11.45724156684793	38.50741616500588	2.3797103421330976E-6
98.0	38.51558340377418	11.4505076987028	11.496251326071583	38.53765280226754	4.769183899158849E-6
99.0	38.58060825196741	11.443655943387352	11.468549772448945	38.50711434714428	7.168505201073106E-5
100.0	38.67351005217332	11.428675217889321	11.407581082394234	38.49023364754312	0.0
101.0	38.66175219951219	11.461735438992777	11.40310241918083	38.4734099423142	0.0
102.0	38.67376614532982	11.435235139865059	11.429823438554605	38.461175276250515	0.0
103.0	38.66858896625717	11.496342978990464	11.439036555890722	38.39602908819266	2.4106689845088243E-6
104.0	38.61283041582435	11.481651942966415	11.430758611937856	38.47475902927138	0.0
105.0	38.61096946081513	11.513737831681182	11.453777675141021	38.42151503236267	0.0
106.0	38.64433153895465	11.449252225688431	11.394292490085569	38.48854633672084	0.02357740855051035
107.0	38.630991270948506	11.426645189550058	11.359601600119657	38.58276193938178	0.0
108.0	38.72424696505713	11.350417864186497	11.370465273858423	38.50908802486513	0.045781872032824175
109.0	38.75540922494377	11.371491540805081	11.38737156492354	38.48572766932761	0.0
110.0	38.713796873029814	11.352477894900577	11.413068604777989	38.520656627291615	0.0
111.0	38.71914636482737	11.422210461000278	11.432950500640295	38.405582459624014	0.020110213908043913
112.0	38.812758440754926	11.33962562553967	11.465199043324839	38.38241689038057	0.0
113.0	38.769252145476585	11.36454296803576	11.529543956953477	38.336660929534176	0.0
114.0	38.80425250396936	11.371601543273172	11.535051205480015	38.28909474727746	0.0
115.0	38.781212901017305	11.389013277766335	11.45828295583797	38.37141871982948	7.214554891816505E-5
116.0	38.79946886891152	11.387583087797202	11.422327742656192	38.390620300635085	0.0
117.0	38.90315817455603	11.417555326439322	11.406924700273663	38.272361798730984	0.0
118.0	38.90412394008222	11.391112234292967	11.376811586924381	38.32795223870043	0.0
119.0	38.920683902208395	11.344305894422853	11.346492717488687	38.388517485880065	0.0
120.0	38.89601457383273	11.363262120279376	11.321502468628243	38.41746873708443	0.0017521001752277153
121.0	38.85216641343821	11.412550353946711	11.29259495775193	38.4371405883994	0.005547686463744004
122.0	38.83225925331217	11.383256049962101	11.296033461191692	38.48845123553403	0.0
123.0	38.90602712980952	11.376372392582594	11.340693982914972	38.37690649469291	0.0
124.0	38.976339594649275	11.352253696288026	11.34706788635753	38.32433882270516	0.0
125.0	38.95535206374738	11.360392438922199	11.275459974665244	38.335999946435976	0.07279557622921079
126.0	39.050865827868115	11.352890705867766	11.256016957818371	38.34022650844575	0.0
127.0	38.92729557014526	11.4170399191771	11.277726542415076	38.377937968262565	0.0
128.0	39.01234984600867	11.345064023355384	11.34487592797964	38.29771020265631	0.0
129.0	39.0438725754383	11.443023110799041	11.332735825974941	38.18036848778771	0.0
130.0	39.148555109613895	11.525129985024387	11.209365961747837	38.11694894361388	0.0
131.0	39.24171154463097	11.71002729359757	10.96758982878582	38.080671332985645	0.0
132.0	36.23031244800095	10.000706327343837	13.066875972357469	40.70210525229775	0.0
