Sample	0	1	2	3	4	5	6	7	8	9	10	11	12	13	14	15	16	17	18	19	20	21	22	23	24	25	26
CONTROL_0hr_1_1	(14.0, 4.0)	(15.0, 45.0)	(16.0, 323.0)	(17.0, 1157.0)	(18.0, 2264.0)	(19.0, 3382.0)	(20.0, 5812.0)	(21.0, 12046.0)	(22.0, 20256.0)	(23.0, 19167.0)	(24.0, 17510.0)	(25.0, 24371.0)	(26.0, 35407.0)	(27.0, 52770.0)	(28.0, 75631.0)	(29.0, 105613.0)	(30.0, 138840.0)	(31.0, 184463.0)	(32.0, 238187.0)	(33.0, 335065.0)	(34.0, 660278.0)	(35.0, 2438111.0)	(36.0, 14782036.0)	(37.0, 4718287.0)			
CONTROL_0hr_1_2	(11.0, 24.0)	(12.0, 527.0)	(13.0, 2157.0)	(14.0, 3017.0)	(15.0, 3479.0)	(16.0, 4615.0)	(17.0, 6782.0)	(18.0, 9757.0)	(19.0, 14525.0)	(20.0, 22246.0)	(21.0, 36816.0)	(22.0, 78393.0)	(23.0, 282032.0)	(24.0, 452486.0)	(25.0, 228704.0)	(26.0, 92636.0)	(27.0, 81549.0)	(28.0, 96636.0)	(29.0, 123521.0)	(30.0, 156653.0)	(31.0, 199963.0)	(32.0, 262920.0)	(33.0, 406549.0)	(34.0, 799711.0)	(35.0, 2680558.0)	(36.0, 16000774.0)	(37.0, 1823995.0)
CONTROL_0hr_2_1	(13.0, 1.0)	(14.0, 4.0)	(15.0, 123.0)	(16.0, 597.0)	(17.0, 1349.0)	(18.0, 2362.0)	(19.0, 3520.0)	(20.0, 5831.0)	(21.0, 13138.0)	(22.0, 15517.0)	(23.0, 14827.0)	(24.0, 15906.0)	(25.0, 23291.0)	(26.0, 34831.0)	(27.0, 53338.0)	(28.0, 77717.0)	(29.0, 110806.0)	(30.0, 146344.0)	(31.0, 194980.0)	(32.0, 259883.0)	(33.0, 567388.0)	(34.0, 1290975.0)	(35.0, 1537459.0)	(36.0, 16347201.0)	(37.0, 6476971.0)		
CONTROL_0hr_2_2	(11.0, 21.0)	(12.0, 538.0)	(13.0, 2097.0)	(14.0, 2861.0)	(15.0, 3340.0)	(16.0, 4348.0)	(17.0, 6126.0)	(18.0, 8318.0)	(19.0, 12029.0)	(20.0, 17580.0)	(21.0, 27735.0)	(22.0, 49475.0)	(23.0, 122870.0)	(24.0, 262540.0)	(25.0, 262080.0)	(26.0, 147214.0)	(27.0, 104420.0)	(28.0, 111707.0)	(29.0, 140347.0)	(30.0, 177012.0)	(31.0, 226802.0)	(32.0, 302665.0)	(33.0, 473536.0)	(34.0, 962321.0)	(35.0, 3464125.0)	(36.0, 18865984.0)	(37.0, 1436268.0)
CONTROL_0hr_3_1	(14.0, 3.0)	(15.0, 126.0)	(16.0, 976.0)	(17.0, 2954.0)	(18.0, 4693.0)	(19.0, 7165.0)	(20.0, 11383.0)	(21.0, 26996.0)	(22.0, 32830.0)	(23.0, 27951.0)	(24.0, 26650.0)	(25.0, 35267.0)	(26.0, 49542.0)	(27.0, 73841.0)	(28.0, 103070.0)	(29.0, 142864.0)	(30.0, 186916.0)	(31.0, 248397.0)	(32.0, 321954.0)	(33.0, 464131.0)	(34.0, 984650.0)	(35.0, 2095405.0)	(36.0, 20857445.0)	(37.0, 6447506.0)			
CONTROL_0hr_3_2	(11.0, 25.0)	(12.0, 513.0)	(13.0, 2209.0)	(14.0, 2962.0)	(15.0, 3325.0)	(16.0, 4360.0)	(17.0, 6151.0)	(18.0, 8396.0)	(19.0, 11766.0)	(20.0, 16029.0)	(21.0, 24060.0)	(22.0, 37749.0)	(23.0, 72185.0)	(24.0, 173459.0)	(25.0, 289219.0)	(26.0, 198525.0)	(27.0, 117769.0)	(28.0, 119067.0)	(29.0, 152947.0)	(30.0, 194551.0)	(31.0, 248726.0)	(32.0, 323608.0)	(33.0, 488140.0)	(34.0, 891800.0)	(35.0, 2982849.0)	(36.0, 23097968.0)	(37.0, 2684357.0)
CONTROL_0hr_4_1	(14.0, 6.0)	(15.0, 46.0)	(16.0, 292.0)	(17.0, 889.0)	(18.0, 1370.0)	(19.0, 2045.0)	(20.0, 3880.0)	(21.0, 9262.0)	(22.0, 14920.0)	(23.0, 17383.0)	(24.0, 21754.0)	(25.0, 31881.0)	(26.0, 47832.0)	(27.0, 71253.0)	(28.0, 102966.0)	(29.0, 146742.0)	(30.0, 195247.0)	(31.0, 261990.0)	(32.0, 350543.0)	(33.0, 568021.0)	(34.0, 1723769.0)	(35.0, 2884451.0)	(36.0, 19866112.0)	(37.0, 5121717.0)			
CONTROL_0hr_4_2	(11.0, 19.0)	(12.0, 491.0)	(13.0, 1707.0)	(14.0, 2491.0)	(15.0, 3059.0)	(16.0, 4175.0)	(17.0, 6882.0)	(18.0, 11392.0)	(19.0, 18145.0)	(20.0, 27495.0)	(21.0, 46608.0)	(22.0, 95545.0)	(23.0, 322088.0)	(24.0, 725683.0)	(25.0, 508839.0)	(26.0, 169451.0)	(27.0, 105813.0)	(28.0, 119210.0)	(29.0, 148911.0)	(30.0, 185867.0)	(31.0, 246439.0)	(32.0, 336483.0)	(33.0, 526853.0)	(34.0, 988714.0)	(35.0, 3293519.0)	(36.0, 21369037.0)	(37.0, 2179455.0)
CONTROL_0hr_5_1	(13.0, 1.0)	(14.0, 6.0)	(15.0, 80.0)	(16.0, 753.0)	(17.0, 2722.0)	(18.0, 4651.0)	(19.0, 7420.0)	(20.0, 11676.0)	(21.0, 26756.0)	(22.0, 39801.0)	(23.0, 29800.0)	(24.0, 23534.0)	(25.0, 31090.0)	(26.0, 48075.0)	(27.0, 74732.0)	(28.0, 109557.0)	(29.0, 155989.0)	(30.0, 208355.0)	(31.0, 275348.0)	(32.0, 383108.0)	(33.0, 838316.0)	(34.0, 1110476.0)	(35.0, 1959980.0)	(36.0, 22594875.0)	(37.0, 7553721.0)		
CONTROL_0hr_5_2	(11.0, 27.0)	(12.0, 663.0)	(13.0, 2374.0)	(14.0, 3014.0)	(15.0, 3421.0)	(16.0, 4527.0)	(17.0, 6327.0)	(18.0, 8601.0)	(19.0, 11431.0)	(20.0, 15958.0)	(21.0, 24026.0)	(22.0, 40262.0)	(23.0, 104577.0)	(24.0, 175293.0)	(25.0, 130157.0)	(26.0, 89507.0)	(27.0, 99247.0)	(28.0, 119945.0)	(29.0, 155205.0)	(30.0, 197700.0)	(31.0, 257410.0)	(32.0, 340477.0)	(33.0, 514780.0)	(34.0, 951970.0)	(35.0, 3220821.0)	(36.0, 25807206.0)	(37.0, 3205896.0)
CONTROL_1hr_1_1	(14.0, 4.0)	(15.0, 47.0)	(16.0, 264.0)	(17.0, 740.0)	(18.0, 1215.0)	(19.0, 2011.0)	(20.0, 3686.0)	(21.0, 8143.0)	(22.0, 12489.0)	(23.0, 16047.0)	(24.0, 22684.0)	(25.0, 35146.0)	(26.0, 54264.0)	(27.0, 85046.0)	(28.0, 121792.0)	(29.0, 172830.0)	(30.0, 230357.0)	(31.0, 317745.0)	(32.0, 821848.0)	(33.0, 1181939.0)	(34.0, 1136476.0)	(35.0, 2317311.0)	(36.0, 23474640.0)	(37.0, 5926664.0)			
CONTROL_1hr_1_2	(11.0, 34.0)	(12.0, 586.0)	(13.0, 2200.0)	(14.0, 3167.0)	(15.0, 3930.0)	(16.0, 5584.0)	(17.0, 8109.0)	(18.0, 11548.0)	(19.0, 16118.0)	(20.0, 22518.0)	(21.0, 33892.0)	(22.0, 56321.0)	(23.0, 145137.0)	(24.0, 257997.0)	(25.0, 175940.0)	(26.0, 111688.0)	(27.0, 124623.0)	(28.0, 151520.0)	(29.0, 193513.0)	(30.0, 244706.0)	(31.0, 322406.0)	(32.0, 437603.0)	(33.0, 682221.0)	(34.0, 1242008.0)	(35.0, 3857102.0)	(36.0, 25053366.0)	(37.0, 2779551.0)
CONTROL_1hr_2_1	(13.0, 1.0)	(14.0, 8.0)	(15.0, 89.0)	(16.0, 642.0)	(17.0, 1775.0)	(18.0, 3011.0)	(19.0, 4735.0)	(20.0, 7562.0)	(21.0, 17831.0)	(22.0, 21182.0)	(23.0, 16951.0)	(24.0, 16184.0)	(25.0, 22279.0)	(26.0, 32532.0)	(27.0, 50059.0)	(28.0, 71405.0)	(29.0, 101519.0)	(30.0, 133353.0)	(31.0, 178026.0)	(32.0, 238202.0)	(33.0, 494896.0)	(34.0, 1264283.0)	(35.0, 1559906.0)	(36.0, 14123885.0)	(37.0, 4409842.0)		
CONTROL_1hr_2_2	(11.0, 23.0)	(12.0, 488.0)	(13.0, 1752.0)	(14.0, 2339.0)	(15.0, 2528.0)	(16.0, 3347.0)	(17.0, 4779.0)	(18.0, 6810.0)	(19.0, 10045.0)	(20.0, 15199.0)	(21.0, 25486.0)	(22.0, 51080.0)	(23.0, 164699.0)	(24.0, 360200.0)	(25.0, 255526.0)	(26.0, 94990.0)	(27.0, 68391.0)	(28.0, 79085.0)	(29.0, 101571.0)	(30.0, 130073.0)	(31.0, 168507.0)	(32.0, 223956.0)	(33.0, 348195.0)	(34.0, 669064.0)	(35.0, 2325043.0)	(36.0, 15842196.0)	(37.0, 1814786.0)
CONTROL_1hr_4_1	(13.0, 1.0)	(14.0, 10.0)	(15.0, 63.0)	(16.0, 212.0)	(17.0, 529.0)	(18.0, 973.0)	(19.0, 1617.0)	(20.0, 2757.0)	(21.0, 5663.0)	(22.0, 9860.0)	(23.0, 15696.0)	(24.0, 25338.0)	(25.0, 41841.0)	(26.0, 66631.0)	(27.0, 102871.0)	(28.0, 148006.0)	(29.0, 209132.0)	(30.0, 273869.0)	(31.0, 362282.0)	(32.0, 464046.0)	(33.0, 641777.0)	(34.0, 1024568.0)	(35.0, 2399316.0)	(36.0, 29027818.0)	(37.0, 7683189.0)		
CONTROL_1hr_4_2	(11.0, 45.0)	(12.0, 654.0)	(13.0, 2436.0)	(14.0, 3642.0)	(15.0, 4560.0)	(16.0, 6832.0)	(17.0, 10635.0)	(18.0, 14687.0)	(19.0, 19870.0)	(20.0, 25176.0)	(21.0, 34453.0)	(22.0, 45952.0)	(23.0, 66779.0)	(24.0, 95244.0)	(25.0, 119478.0)	(26.0, 130713.0)	(27.0, 156572.0)	(28.0, 192547.0)	(29.0, 243290.0)	(30.0, 305506.0)	(31.0, 401050.0)	(32.0, 542616.0)	(33.0, 848040.0)	(34.0, 1600155.0)	(35.0, 5268538.0)	(36.0, 30019225.0)	(37.0, 2349370.0)
CONTROL_1hr_5_1	(14.0, 11.0)	(15.0, 60.0)	(16.0, 310.0)	(17.0, 1096.0)	(18.0, 2053.0)	(19.0, 3080.0)	(20.0, 5104.0)	(21.0, 11135.0)	(22.0, 19586.0)	(23.0, 21830.0)	(24.0, 24719.0)	(25.0, 35782.0)	(26.0, 54774.0)	(27.0, 85330.0)	(28.0, 125200.0)	(29.0, 179963.0)	(30.0, 242246.0)	(31.0, 322812.0)	(32.0, 426168.0)	(33.0, 693489.0)	(34.0, 1227993.0)	(35.0, 2499453.0)	(36.0, 26865487.0)	(37.0, 6327551.0)			
CONTROL_1hr_5_2	(11.0, 31.0)	(12.0, 514.0)	(13.0, 1925.0)	(14.0, 3030.0)	(15.0, 4177.0)	(16.0, 6182.0)	(17.0, 9312.0)	(18.0, 13159.0)	(19.0, 17485.0)	(20.0, 22971.0)	(21.0, 32243.0)	(22.0, 48444.0)	(23.0, 93130.0)	(24.0, 164156.0)	(25.0, 158583.0)	(26.0, 125632.0)	(27.0, 138635.0)	(28.0, 167900.0)	(29.0, 215234.0)	(30.0, 271056.0)	(31.0, 354609.0)	(32.0, 474914.0)	(33.0, 734059.0)	(34.0, 1344742.0)	(35.0, 4269926.0)	(36.0, 27638744.0)	(37.0, 2864439.0)
CONTROL_24hr_1_1	(13.0, 1.0)	(14.0, 14.0)	(15.0, 55.0)	(16.0, 468.0)	(17.0, 2062.0)	(18.0, 3556.0)	(19.0, 5217.0)	(20.0, 8478.0)	(21.0, 18307.0)	(22.0, 32170.0)	(23.0, 29877.0)	(24.0, 26316.0)	(25.0, 34183.0)	(26.0, 49412.0)	(27.0, 73712.0)	(28.0, 105249.0)	(29.0, 146991.0)	(30.0, 196145.0)	(31.0, 270029.0)	(32.0, 386151.0)	(33.0, 1164821.0)	(34.0, 2361077.0)	(35.0, 2412988.0)	(36.0, 18713802.0)	(37.0, 5818510.0)		
CONTROL_24hr_1_2	(11.0, 41.0)	(12.0, 712.0)	(13.0, 2862.0)	(14.0, 3749.0)	(15.0, 4196.0)	(16.0, 5370.0)	(17.0, 7749.0)	(18.0, 11685.0)	(19.0, 18552.0)	(20.0, 28817.0)	(21.0, 51147.0)	(22.0, 111311.0)	(23.0, 402228.0)	(24.0, 833429.0)	(25.0, 529349.0)	(26.0, 165057.0)	(27.0, 102439.0)	(28.0, 113478.0)	(29.0, 141798.0)	(30.0, 177163.0)	(31.0, 233109.0)	(32.0, 316127.0)	(33.0, 498361.0)	(34.0, 977304.0)	(35.0, 3404272.0)	(36.0, 21568291.0)	(37.0, 2150995.0)
CONTROL_24hr_2_1	(13.0, 3.0)	(14.0, 6.0)	(15.0, 89.0)	(16.0, 799.0)	(17.0, 3868.0)	(18.0, 7735.0)	(19.0, 11567.0)	(20.0, 18384.0)	(21.0, 35754.0)	(22.0, 61892.0)	(23.0, 50132.0)	(24.0, 29187.0)	(25.0, 34024.0)	(26.0, 49676.0)	(27.0, 74985.0)	(28.0, 106502.0)	(29.0, 148865.0)	(30.0, 196603.0)	(31.0, 259887.0)	(32.0, 332263.0)	(33.0, 458476.0)	(34.0, 752011.0)	(35.0, 2520162.0)	(36.0, 23178041.0)	(37.0, 6829764.0)		
CONTROL_24hr_2_2	(11.0, 32.0)	(12.0, 604.0)	(13.0, 2399.0)	(14.0, 3222.0)	(15.0, 3482.0)	(16.0, 4170.0)	(17.0, 6005.0)	(18.0, 8321.0)	(19.0, 12441.0)	(20.0, 19244.0)	(21.0, 31376.0)	(22.0, 60332.0)	(23.0, 177108.0)	(24.0, 356791.0)	(25.0, 264854.0)	(26.0, 129468.0)	(27.0, 106996.0)	(28.0, 123872.0)	(29.0, 158914.0)	(30.0, 204771.0)	(31.0, 267013.0)	(32.0, 357945.0)	(33.0, 558855.0)	(34.0, 1089758.0)	(35.0, 3820481.0)	(36.0, 24885660.0)	(37.0, 2506561.0)
CONTROL_24hr_3_1	(13.0, 1.0)	(14.0, 8.0)	(15.0, 94.0)	(16.0, 747.0)	(17.0, 2880.0)	(18.0, 5201.0)	(19.0, 7529.0)	(20.0, 12383.0)	(21.0, 24565.0)	(22.0, 41501.0)	(23.0, 35424.0)	(24.0, 27113.0)	(25.0, 33746.0)	(26.0, 50082.0)	(27.0, 75677.0)	(28.0, 110531.0)	(29.0, 158495.0)	(30.0, 214393.0)	(31.0, 301736.0)	(32.0, 1010679.0)	(33.0, 1446273.0)	(34.0, 1036947.0)	(35.0, 2080680.0)	(36.0, 21823255.0)	(37.0, 6376626.0)		
CONTROL_24hr_3_2	(11.0, 28.0)	(12.0, 588.0)	(13.0, 2268.0)	(14.0, 2847.0)	(15.0, 2980.0)	(16.0, 3731.0)	(17.0, 5308.0)	(18.0, 7694.0)	(19.0, 11242.0)	(20.0, 16850.0)	(21.0, 26661.0)	(22.0, 46201.0)	(23.0, 116428.0)	(24.0, 309126.0)	(25.0, 371269.0)	(26.0, 188668.0)	(27.0, 108578.0)	(28.0, 111378.0)	(29.0, 140240.0)	(30.0, 178976.0)	(31.0, 236914.0)	(32.0, 327913.0)	(33.0, 525238.0)	(34.0, 1048438.0)	(35.0, 3795485.0)	(36.0, 24800570.0)	(37.0, 2490947.0)
CONTROL_24hr_4_1	(13.0, 2.0)	(14.0, 11.0)	(15.0, 111.0)	(16.0, 571.0)	(17.0, 1894.0)	(18.0, 3038.0)	(19.0, 4526.0)	(20.0, 7460.0)	(21.0, 16344.0)	(22.0, 25223.0)	(23.0, 24578.0)	(24.0, 28054.0)	(25.0, 42031.0)	(26.0, 64373.0)	(27.0, 97769.0)	(28.0, 139444.0)	(29.0, 194794.0)	(30.0, 255345.0)	(31.0, 337305.0)	(32.0, 432261.0)	(33.0, 600512.0)	(34.0, 1044336.0)	(35.0, 2810423.0)	(36.0, 28701127.0)	(37.0, 8714940.0)		
CONTROL_24hr_4_2	(11.0, 46.0)	(12.0, 977.0)	(13.0, 3635.0)	(14.0, 4626.0)	(15.0, 5214.0)	(16.0, 6678.0)	(17.0, 9458.0)	(18.0, 12765.0)	(19.0, 17982.0)	(20.0, 24841.0)	(21.0, 36902.0)	(22.0, 60532.0)	(23.0, 146414.0)	(24.0, 269185.0)	(25.0, 220209.0)	(26.0, 145232.0)	(27.0, 150186.0)	(28.0, 178220.0)	(29.0, 226373.0)	(30.0, 286051.0)	(31.0, 373214.0)	(32.0, 500485.0)	(33.0, 777000.0)	(34.0, 1472294.0)	(35.0, 4920001.0)	(36.0, 30779257.0)	(37.0, 2918695.0)
CONTROL_24hr_5_1	(14.0, 10.0)	(15.0, 35.0)	(16.0, 414.0)	(17.0, 1671.0)	(18.0, 2774.0)	(19.0, 4363.0)	(20.0, 6691.0)	(21.0, 14323.0)	(22.0, 22255.0)	(23.0, 17650.0)	(24.0, 14984.0)	(25.0, 21584.0)	(26.0, 33372.0)	(27.0, 51723.0)	(28.0, 75992.0)	(29.0, 109188.0)	(30.0, 147160.0)	(31.0, 195424.0)	(32.0, 258590.0)	(33.0, 461291.0)	(34.0, 1129475.0)	(35.0, 1805679.0)	(36.0, 16796694.0)	(37.0, 4972669.0)			
CONTROL_24hr_5_2	(11.0, 23.0)	(12.0, 455.0)	(13.0, 1646.0)	(14.0, 2054.0)	(15.0, 2098.0)	(16.0, 2614.0)	(17.0, 3727.0)	(18.0, 5575.0)	(19.0, 8365.0)	(20.0, 13494.0)	(21.0, 22580.0)	(22.0, 43715.0)	(23.0, 134804.0)	(24.0, 261434.0)	(25.0, 195398.0)	(26.0, 95894.0)	(27.0, 78998.0)	(28.0, 90375.0)	(29.0, 115226.0)	(30.0, 149332.0)	(31.0, 200330.0)	(32.0, 277297.0)	(33.0, 452361.0)	(34.0, 939632.0)	(35.0, 3367166.0)	(36.0, 18223721.0)	(37.0, 1455697.0)
LIF_1hr_1_1	(13.0, 1.0)	(14.0, 9.0)	(15.0, 90.0)	(16.0, 411.0)	(17.0, 1452.0)	(18.0, 2529.0)	(19.0, 3608.0)	(20.0, 6242.0)	(21.0, 13690.0)	(22.0, 22820.0)	(23.0, 24900.0)	(24.0, 27874.0)	(25.0, 39536.0)	(26.0, 58148.0)	(27.0, 89180.0)	(28.0, 128699.0)	(29.0, 181813.0)	(30.0, 242479.0)	(31.0, 324525.0)	(32.0, 421817.0)	(33.0, 592933.0)	(34.0, 1032145.0)	(35.0, 2789546.0)	(36.0, 26557985.0)	(37.0, 7644939.0)		
LIF_1hr_1_2	(11.0, 22.0)	(12.0, 685.0)	(13.0, 2884.0)	(14.0, 4129.0)	(15.0, 5564.0)	(16.0, 7857.0)	(17.0, 12029.0)	(18.0, 16952.0)	(19.0, 23408.0)	(20.0, 30651.0)	(21.0, 42792.0)	(22.0, 64668.0)	(23.0, 140886.0)	(24.0, 238114.0)	(25.0, 196795.0)	(26.0, 141825.0)	(27.0, 150265.0)	(28.0, 181512.0)	(29.0, 230333.0)	(30.0, 287790.0)	(31.0, 373813.0)	(32.0, 502616.0)	(33.0, 777279.0)	(34.0, 1422361.0)	(35.0, 4532178.0)	(36.0, 28039389.0)	(37.0, 2780574.0)
LIF_1hr_2_1	(14.0, 7.0)	(15.0, 83.0)	(16.0, 562.0)	(17.0, 1669.0)	(18.0, 2765.0)	(19.0, 4564.0)	(20.0, 6818.0)	(21.0, 12374.0)	(22.0, 18843.0)	(23.0, 18765.0)	(24.0, 21210.0)	(25.0, 31349.0)	(26.0, 46335.0)	(27.0, 67172.0)	(28.0, 93905.0)	(29.0, 131212.0)	(30.0, 173053.0)	(31.0, 229223.0)	(32.0, 305868.0)	(33.0, 553660.0)	(34.0, 2190742.0)	(35.0, 3314151.0)	(36.0, 17658262.0)	(37.0, 5681671.0)			
LIF_1hr_2_2	(11.0, 23.0)	(12.0, 442.0)	(13.0, 2039.0)	(14.0, 3104.0)	(15.0, 3739.0)	(16.0, 5352.0)	(17.0, 8114.0)	(18.0, 13291.0)	(19.0, 22955.0)	(20.0, 38523.0)	(21.0, 72299.0)	(22.0, 177041.0)	(23.0, 704969.0)	(24.0, 1193907.0)	(25.0, 589242.0)	(26.0, 170014.0)	(27.0, 101130.0)	(28.0, 108895.0)	(29.0, 137737.0)	(30.0, 175448.0)	(31.0, 226211.0)	(32.0, 295083.0)	(33.0, 448598.0)	(34.0, 858814.0)	(35.0, 2914645.0)	(36.0, 19934076.0)	(37.0, 2358572.0)
LIF_1hr_3_1	(13.0, 1.0)	(14.0, 4.0)	(15.0, 112.0)	(16.0, 911.0)	(17.0, 2713.0)	(18.0, 3971.0)	(19.0, 5859.0)	(20.0, 9296.0)	(21.0, 22849.0)	(22.0, 28964.0)	(23.0, 24469.0)	(24.0, 24656.0)	(25.0, 34590.0)	(26.0, 49970.0)	(27.0, 76921.0)	(28.0, 111397.0)	(29.0, 156635.0)	(30.0, 206887.0)	(31.0, 271458.0)	(32.0, 346856.0)	(33.0, 479312.0)	(34.0, 849836.0)	(35.0, 2167613.0)	(36.0, 22569139.0)	(37.0, 7471779.0)		
LIF_1hr_3_2	(11.0, 19.0)	(12.0, 489.0)	(13.0, 1913.0)	(14.0, 2838.0)	(15.0, 3634.0)	(16.0, 4911.0)	(17.0, 6870.0)	(18.0, 9205.0)	(19.0, 12573.0)	(20.0, 17042.0)	(21.0, 24762.0)	(22.0, 38211.0)	(23.0, 67618.0)	(24.0, 137669.0)	(25.0, 225619.0)	(26.0, 210543.0)	(27.0, 153795.0)	(28.0, 142189.0)	(29.0, 173987.0)	(30.0, 217736.0)	(31.0, 278220.0)	(32.0, 364305.0)	(33.0, 552788.0)	(34.0, 1021343.0)	(35.0, 3460057.0)	(36.0, 25025791.0)	(37.0, 2762071.0)
LIF_1hr_4_1	(14.0, 6.0)	(15.0, 76.0)	(16.0, 530.0)	(17.0, 1997.0)	(18.0, 3339.0)	(19.0, 4993.0)	(20.0, 8904.0)	(21.0, 20462.0)	(22.0, 32699.0)	(23.0, 31770.0)	(24.0, 30339.0)	(25.0, 39732.0)	(26.0, 56782.0)	(27.0, 86200.0)	(28.0, 124566.0)	(29.0, 176413.0)	(30.0, 231996.0)	(31.0, 310438.0)	(32.0, 399338.0)	(33.0, 557534.0)	(34.0, 1008314.0)	(35.0, 2504036.0)	(36.0, 25537564.0)	(37.0, 7398914.0)			
LIF_1hr_4_2	(11.0, 37.0)	(12.0, 752.0)	(13.0, 2703.0)	(14.0, 3450.0)	(15.0, 4251.0)	(16.0, 5547.0)	(17.0, 8064.0)	(18.0, 11282.0)	(19.0, 16041.0)	(20.0, 22194.0)	(21.0, 32293.0)	(22.0, 50746.0)	(23.0, 110461.0)	(24.0, 228951.0)	(25.0, 211502.0)	(26.0, 128123.0)	(27.0, 129514.0)	(28.0, 157049.0)	(29.0, 202963.0)	(30.0, 255465.0)	(31.0, 330189.0)	(32.0, 442916.0)	(33.0, 680650.0)	(34.0, 1266439.0)	(35.0, 4171157.0)	(36.0, 27274711.0)	(37.0, 2819492.0)
LIF_1hr_5_1	(13.0, 2.0)	(14.0, 7.0)	(15.0, 89.0)	(16.0, 708.0)	(17.0, 3035.0)	(18.0, 5815.0)	(19.0, 8269.0)	(20.0, 13334.0)	(21.0, 27586.0)	(22.0, 47224.0)	(23.0, 42976.0)	(24.0, 35027.0)	(25.0, 45820.0)	(26.0, 69873.0)	(27.0, 109719.0)	(28.0, 160160.0)	(29.0, 229936.0)	(30.0, 306277.0)	(31.0, 405461.0)	(32.0, 523564.0)	(33.0, 721126.0)	(34.0, 1191401.0)	(35.0, 3573391.0)	(36.0, 34826295.0)	(37.0, 9798213.0)		
LIF_1hr_5_2	(11.0, 34.0)	(12.0, 790.0)	(13.0, 2877.0)	(14.0, 3935.0)	(15.0, 4765.0)	(16.0, 6487.0)	(17.0, 9724.0)	(18.0, 13667.0)	(19.0, 19928.0)	(20.0, 28375.0)	(21.0, 43879.0)	(22.0, 75546.0)	(23.0, 203299.0)	(24.0, 364160.0)	(25.0, 262169.0)	(26.0, 159885.0)	(27.0, 163029.0)	(28.0, 196812.0)	(29.0, 250602.0)	(30.0, 319476.0)	(31.0, 419740.0)	(32.0, 569819.0)	(33.0, 897111.0)	(34.0, 1733537.0)	(35.0, 5978175.0)	(36.0, 36854027.0)	(37.0, 3563460.0)
LIF_24hr_1_1	(14.0, 5.0)	(15.0, 61.0)	(16.0, 473.0)	(17.0, 1972.0)	(18.0, 3476.0)	(19.0, 5295.0)	(20.0, 8735.0)	(21.0, 19246.0)	(22.0, 32106.0)	(23.0, 28200.0)	(24.0, 22671.0)	(25.0, 28350.0)	(26.0, 40943.0)	(27.0, 62881.0)	(28.0, 92599.0)	(29.0, 133768.0)	(30.0, 180376.0)	(31.0, 241807.0)	(32.0, 315391.0)	(33.0, 441336.0)	(34.0, 743241.0)	(35.0, 2486181.0)	(36.0, 21328776.0)	(37.0, 6474975.0)			
LIF_24hr_1_2	(11.0, 38.0)	(12.0, 498.0)	(13.0, 2103.0)	(14.0, 2918.0)	(15.0, 3380.0)	(16.0, 4132.0)	(17.0, 5934.0)	(18.0, 8740.0)	(19.0, 12705.0)	(20.0, 19280.0)	(21.0, 32039.0)	(22.0, 63727.0)	(23.0, 203341.0)	(24.0, 299915.0)	(25.0, 159711.0)	(26.0, 88849.0)	(27.0, 96092.0)	(28.0, 117975.0)	(29.0, 153005.0)	(30.0, 193581.0)	(31.0, 259338.0)	(32.0, 355719.0)	(33.0, 565049.0)	(34.0, 1114395.0)	(35.0, 3863495.0)	(36.0, 22995148.0)	(37.0, 2071757.0)
LIF_24hr_2_1	(14.0, 7.0)	(15.0, 59.0)	(16.0, 483.0)	(17.0, 2027.0)	(18.0, 3411.0)	(19.0, 5311.0)	(20.0, 8235.0)	(21.0, 17447.0)	(22.0, 27990.0)	(23.0, 22612.0)	(24.0, 18279.0)	(25.0, 24513.0)	(26.0, 37453.0)	(27.0, 57892.0)	(28.0, 84230.0)	(29.0, 119823.0)	(30.0, 159465.0)	(31.0, 211083.0)	(32.0, 275152.0)	(33.0, 400118.0)	(34.0, 923427.0)	(35.0, 1955576.0)	(36.0, 17266086.0)	(37.0, 5672180.0)			
LIF_24hr_2_2	(11.0, 30.0)	(12.0, 616.0)	(13.0, 2211.0)	(14.0, 2676.0)	(15.0, 2801.0)	(16.0, 3243.0)	(17.0, 4496.0)	(18.0, 6323.0)	(19.0, 9446.0)	(20.0, 14277.0)	(21.0, 24054.0)	(22.0, 44558.0)	(23.0, 131691.0)	(24.0, 315421.0)	(25.0, 256736.0)	(26.0, 101230.0)	(27.0, 81060.0)	(28.0, 96583.0)	(29.0, 124596.0)	(30.0, 158998.0)	(31.0, 209061.0)	(32.0, 281256.0)	(33.0, 441341.0)	(34.0, 862419.0)	(35.0, 3017560.0)	(36.0, 19236284.0)	(37.0, 1863892.0)
LIF_24hr_3_1	(13.0, 1.0)	(14.0, 6.0)	(15.0, 238.0)	(16.0, 2003.0)	(17.0, 5374.0)	(18.0, 7708.0)	(19.0, 11820.0)	(20.0, 18894.0)	(21.0, 45484.0)	(22.0, 55002.0)	(23.0, 40255.0)	(24.0, 33789.0)	(25.0, 38467.0)	(26.0, 49915.0)	(27.0, 72291.0)	(28.0, 102963.0)	(29.0, 147383.0)	(30.0, 197916.0)	(31.0, 262389.0)	(32.0, 343840.0)	(33.0, 494397.0)	(34.0, 1189095.0)	(35.0, 3050244.0)	(36.0, 20831375.0)	(37.0, 6559573.0)		
LIF_24hr_3_2	(11.0, 23.0)	(12.0, 448.0)	(13.0, 1816.0)	(14.0, 2670.0)	(15.0, 3197.0)	(16.0, 4220.0)	(17.0, 6529.0)	(18.0, 10100.0)	(19.0, 15661.0)	(20.0, 24837.0)	(21.0, 43929.0)	(22.0, 93691.0)	(23.0, 325419.0)	(24.0, 659507.0)	(25.0, 434856.0)	(26.0, 155944.0)	(27.0, 103643.0)	(28.0, 114776.0)	(29.0, 145995.0)	(30.0, 183711.0)	(31.0, 239295.0)	(32.0, 319479.0)	(33.0, 497488.0)	(34.0, 957022.0)	(35.0, 3359583.0)	(36.0, 23340916.0)	(37.0, 2515667.0)
LIF_24hr_4_1	(14.0, 2.0)	(15.0, 49.0)	(16.0, 189.0)	(17.0, 532.0)	(18.0, 954.0)	(19.0, 1663.0)	(20.0, 2985.0)	(21.0, 6375.0)	(22.0, 11194.0)	(23.0, 17206.0)	(24.0, 26731.0)	(25.0, 43678.0)	(26.0, 67964.0)	(27.0, 104433.0)	(28.0, 150811.0)	(29.0, 210979.0)	(30.0, 278574.0)	(31.0, 364759.0)	(32.0, 465625.0)	(33.0, 640792.0)	(34.0, 999077.0)	(35.0, 2577429.0)	(36.0, 29995831.0)	(37.0, 7933362.0)			
LIF_24hr_4_2	(11.0, 49.0)	(12.0, 779.0)	(13.0, 2622.0)	(14.0, 3502.0)	(15.0, 4043.0)	(16.0, 5651.0)	(17.0, 8657.0)	(18.0, 12079.0)	(19.0, 17181.0)	(20.0, 23373.0)	(21.0, 31885.0)	(22.0, 46060.0)	(23.0, 77985.0)	(24.0, 126754.0)	(25.0, 128899.0)	(26.0, 120060.0)	(27.0, 142507.0)	(28.0, 173891.0)	(29.0, 221860.0)	(30.0, 280723.0)	(31.0, 372168.0)	(32.0, 504733.0)	(33.0, 795630.0)	(34.0, 1532544.0)	(35.0, 5245283.0)	(36.0, 31503269.0)	(37.0, 2519007.0)
LIF_24hr_5_1	(13.0, 1.0)	(14.0, 5.0)	(15.0, 38.0)	(16.0, 357.0)	(17.0, 1377.0)	(18.0, 2173.0)	(19.0, 3754.0)	(20.0, 5675.0)	(21.0, 12869.0)	(22.0, 18598.0)	(23.0, 16418.0)	(24.0, 17925.0)	(25.0, 26630.0)	(26.0, 38851.0)	(27.0, 58502.0)	(28.0, 80601.0)	(29.0, 112796.0)	(30.0, 152338.0)	(31.0, 234250.0)	(32.0, 1538225.0)	(33.0, 1126533.0)	(34.0, 755146.0)	(35.0, 1482295.0)	(36.0, 14027706.0)	(37.0, 3713273.0)		
LIF_24hr_5_2	(11.0, 20.0)	(12.0, 652.0)	(13.0, 2221.0)	(14.0, 2603.0)	(15.0, 2458.0)	(16.0, 2791.0)	(17.0, 4044.0)	(18.0, 5852.0)	(19.0, 9555.0)	(20.0, 15223.0)	(21.0, 26624.0)	(22.0, 53053.0)	(23.0, 163488.0)	(24.0, 435748.0)	(25.0, 431348.0)	(26.0, 167684.0)	(27.0, 79064.0)	(28.0, 76939.0)	(29.0, 95153.0)	(30.0, 119798.0)	(31.0, 160409.0)	(32.0, 222237.0)	(33.0, 355931.0)	(34.0, 715419.0)	(35.0, 2591802.0)	(36.0, 15989059.0)	(37.0, 1697161.0)
control_1hr_3_1	(14.0, 4.0)	(15.0, 88.0)	(16.0, 678.0)	(17.0, 2343.0)	(18.0, 3681.0)	(19.0, 5573.0)	(20.0, 8957.0)	(21.0, 21689.0)	(22.0, 32241.0)	(23.0, 27999.0)	(24.0, 26844.0)	(25.0, 34692.0)	(26.0, 48915.0)	(27.0, 74161.0)	(28.0, 108144.0)	(29.0, 154034.0)	(30.0, 206681.0)	(31.0, 276871.0)	(32.0, 362323.0)	(33.0, 516489.0)	(34.0, 1055170.0)	(35.0, 2364647.0)	(36.0, 23271213.0)	(37.0, 6396526.0)			
control_1hr_3_2	(11.0, 30.0)	(12.0, 594.0)	(13.0, 2239.0)	(14.0, 3103.0)	(15.0, 4013.0)	(16.0, 5280.0)	(17.0, 7887.0)	(18.0, 10735.0)	(19.0, 15044.0)	(20.0, 21511.0)	(21.0, 32408.0)	(22.0, 56625.0)	(23.0, 147709.0)	(24.0, 294599.0)	(25.0, 225298.0)	(26.0, 119572.0)	(27.0, 116395.0)	(28.0, 140599.0)	(29.0, 181111.0)	(30.0, 228057.0)	(31.0, 297430.0)	(32.0, 399042.0)	(33.0, 617015.0)	(34.0, 1157966.0)	(35.0, 3827340.0)	(36.0, 24614682.0)	(37.0, 2473679.0)
