Sample	0	1	2	3	4	5	6	7	8	9	10	11	12	13	14	15
CONTROL_0hr_1_1	(1.0, 2.216189699508031)	(2.0, 1.898368761737303)	(3.0, 2.607767503066205)	(4.0, 3.061171695797095)	(5.0, 3.1855576531061685)	(6.0, 3.0182392430327605)	(7.0, 2.615637749471081)	(8.0, 2.228214872261833)	(9.0, 1.8611929783991474)	('>10', 10.69640735501598)	('>50', 1.9844045356973417)	('>100', 5.2589766083866705)	('>500', 2.8371874161115005)	('>1k', 8.703997311055565)	('>5k', 5.242502230343233)	('>10k+', 42.58418438701001)
CONTROL_0hr_1_2	(1.0, 2.921342803904824)	(2.0, 1.9078603164901797)	(3.0, 2.591602026968465)	(4.0, 3.078095752441597)	(5.0, 3.191392823084052)	(6.0, 3.019334339214553)	(7.0, 2.6276193305637094)	(8.0, 2.2258120466441325)	(9.0, 1.8123034100341324)	('>10', 10.121771823051267)	('>50', 1.813130835375621)	('>100', 4.699409674329657)	('>500', 2.489369931497234)	('>1k', 6.9210429830947575)	('>5k', 4.899990915782369)	('>10k+', 45.67992098752347)
CONTROL_0hr_2_1	(1.0, 1.09117047145096)	(2.0, 0.763525849349548)	(3.0, 0.9050415277562439)	(4.0, 0.9320119016594025)	(5.0, 0.9039806783610564)	(6.0, 0.7899602900847016)	(7.0, 0.6757833841684245)	(8.0, 0.5307518797069466)	(9.0, 0.4401158357237346)	('>10', 3.483494321669257)	('>50', 1.5154936606182194)	('>100', 4.397882163269788)	('>500', 2.1747623809758276)	('>1k', 7.655021879805628)	('>5k', 5.254434025257511)	('>10k+', 68.48656975014275)
CONTROL_0hr_2_2	(1.0, 1.911371907336173)	(2.0, 0.7991283930677946)	(3.0, 0.9076770837475626)	(4.0, 0.9200484544521443)	(5.0, 0.878040951853826)	(6.0, 0.7737032366711927)	(7.0, 0.6370621802308587)	(8.0, 0.5236873019205772)	(9.0, 0.4101974598329599)	('>10', 3.3050354752166333)	('>50', 1.455029314485672)	('>100', 3.7641627635792014)	('>500', 1.8151974915378055)	('>1k', 6.6408811027612575)	('>5k', 4.517273107662295)	('>10k+', 70.74150377564405)
CONTROL_0hr_3_1	(1.0, 2.623930322665125)	(2.0, 2.141235861518878)	(3.0, 1.8497757130678847)	(4.0, 1.401781483039035)	(5.0, 1.037389237015251)	(6.0, 0.7519530121335309)	(7.0, 0.5171348845716972)	(8.0, 0.4005785563887919)	(9.0, 0.3007246540791275)	('>10', 3.094305025279809)	('>50', 1.4051388626824388)	('>100', 4.259099482502782)	('>500', 2.4418602239575984)	('>1k', 8.22496537455032)	('>5k', 5.818020339307335)	('>10k+', 63.73210696724038)
CONTROL_0hr_3_2	(1.0, 3.077676163864047)	(2.0, 2.1258212474547884)	(3.0, 1.7903450361265747)	(4.0, 1.4121027277588387)	(5.0, 1.0155501035614347)	(6.0, 0.725811388479743)	(7.0, 0.5143415528085536)	(8.0, 0.37795313754848037)	(9.0, 0.2831379339284565)	('>10', 2.8449202515188197)	('>50', 1.2575804727220932)	('>100', 3.6462903354392395)	('>500', 2.0175073324409984)	('>1k', 7.5580638477525035)	('>5k', 4.434009692057391)	('>10k+', 66.91888877653803)
CONTROL_0hr_4_1	(1.0, 4.445662402424733)	(2.0, 4.725762693158102)	(3.0, 5.0471103735532425)	(4.0, 4.699480859809554)	(5.0, 3.785919485418788)	(6.0, 2.9324736887163367)	(7.0, 2.1282821840259265)	(8.0, 1.6412861089735047)	(9.0, 1.1407056231300172)	('>10', 6.475901414318061)	('>50', 1.9686782649553993)	('>100', 7.0880859844338655)	('>500', 5.251280539181372)	('>1k', 15.803723912414359)	('>5k', 7.509314658541761)	('>10k+', 25.356331806945004)
CONTROL_0hr_4_2	(1.0, 5.0143339300454866)	(2.0, 4.6997350634913815)	(3.0, 5.027474382387755)	(4.0, 4.667942794182394)	(5.0, 3.8021016956612113)	(6.0, 2.9005925972312294)	(7.0, 2.079585549249887)	(8.0, 1.5774620177032195)	(9.0, 1.096291078424421)	('>10', 5.889837239159526)	('>50', 1.606057792864895)	('>100', 6.637284786823989)	('>500', 5.866610497391642)	('>1k', 17.50254623913603)	('>5k', 7.115692396242647)	('>10k+', 24.51645194000421)
CONTROL_0hr_5_1	(1.0, 4.122131408817702)	(2.0, 3.675357819817002)	(3.0, 3.375132919917588)	(4.0, 2.7647275724861706)	(5.0, 2.0912391297701474)	(6.0, 1.5551569693936678)	(7.0, 1.104157652635864)	(8.0, 0.8390037239148498)	(9.0, 0.6435014132191964)	('>10', 4.663581786316893)	('>50', 1.6221186456812986)	('>100', 5.226417245576212)	('>500', 3.389248978705611)	('>1k', 10.254041926095187)	('>5k', 5.098375358904969)	('>10k+', 49.57580744874763)
CONTROL_0hr_5_2	(1.0, 4.589238065747407)	(2.0, 3.6951762844225593)	(3.0, 3.4108198041972737)	(4.0, 2.7744784231444863)	(5.0, 2.073637858897637)	(6.0, 1.546155562814551)	(7.0, 1.113374135156966)	(8.0, 0.7653512735299681)	(9.0, 0.609800002054276)	('>10', 4.164293095119358)	('>50', 1.3795422827889805)	('>100', 5.0428693382259295)	('>500', 3.5394828056103047)	('>1k', 10.008757204609202)	('>5k', 4.063257864480004)	('>10k+', 51.223765999201134)
CONTROL_1hr_1_1	(1.0, 8.467115243781638)	(2.0, 8.106231935411707)	(3.0, 6.8882816349544544)	(4.0, 5.17946174277889)	(5.0, 3.861889075817416)	(6.0, 2.5390269138643164)	(7.0, 1.7835837138553752)	(8.0, 1.2389897460513393)	(9.0, 0.9114119309699945)	('>10', 6.018172509252545)	('>50', 1.8419221328895925)	('>100', 5.527525646575217)	('>500', 3.6570939262040274)	('>1k', 11.675855344044672)	('>5k', 5.958569802953048)	('>10k+', 26.344868700595864)
CONTROL_1hr_1_2	(1.0, 9.228899380944908)	(2.0, 8.1967133370991)	(3.0, 6.984325951786925)	(4.0, 5.215532575219377)	(5.0, 3.766351467279587)	(6.0, 2.5137430118198814)	(7.0, 1.7152838631759446)	(8.0, 1.1656372707039118)	(9.0, 0.8455369334365229)	('>10', 5.347118516895393)	('>50', 1.5112062303165363)	('>100', 5.2331783550708435)	('>500', 3.944467088156985)	('>1k', 12.94922938129244)	('>5k', 5.761010864182446)	('>10k+', 25.62176577261905)
CONTROL_1hr_2_1	(1.0, 2.777584064450732)	(2.0, 2.6692228388417405)	(3.0, 2.7550810977671953)	(4.0, 2.5112729763265014)	(5.0, 2.0374245880853374)	(6.0, 1.5842387077895124)	(7.0, 1.1991631379468939)	(8.0, 0.9246086160936631)	(9.0, 0.7193468662631309)	('>10', 5.46416000328446)	('>50', 2.2577986860665056)	('>100', 7.3274701753297995)	('>500', 4.1949433871810085)	('>1k', 12.281852690781502)	('>5k', 6.056653508819202)	('>10k+', 45.239178654972804)
CONTROL_1hr_2_2	(1.0, 3.2880204701918414)	(2.0, 2.685044814033839)	(3.0, 2.7779610078166472)	(4.0, 2.489128372284409)	(5.0, 2.0036338478438327)	(6.0, 1.5676989700378487)	(7.0, 1.1653627494971996)	(8.0, 0.8855749660267457)	(9.0, 0.6760393131469536)	('>10', 4.979005672860377)	('>50', 2.025700435599844)	('>100', 7.318781572786054)	('>500', 4.08292984491)	('>1k', 10.585582536867582)	('>5k', 5.210658103674549)	('>10k+', 48.25887732242226)
CONTROL_1hr_4_1	(1.0, 27.847007609600123)	(2.0, 15.041115612112693)	(3.0, 8.696136136241368)	(4.0, 5.132634666254123)	(5.0, 2.893161550144103)	(6.0, 1.9904672521226827)	(7.0, 1.3979788654947887)	(8.0, 1.0674253916425638)	(9.0, 0.7944646141667997)	('>10', 6.963189655991917)	('>50', 1.8550421941039241)	('>100', 4.419721655344759)	('>500', 2.868289595176278)	('>1k', 7.964981480869884)	('>5k', 3.7018293656654717)	('>10k+', 7.366554355068591)
CONTROL_1hr_4_2	(1.0, 29.292365321729758)	(2.0, 15.319754138215364)	(3.0, 8.658815372834214)	(4.0, 4.802441767653091)	(5.0, 2.9601733816071123)	(6.0, 1.8977868697455986)	(7.0, 1.2465670824925346)	(8.0, 0.9697899441341205)	(9.0, 0.7421841330413691)	('>10', 6.008703037162177)	('>50', 1.5918474514559484)	('>100', 4.608425960115444)	('>500', 3.0337138141615103)	('>1k', 9.228451153440243)	('>5k', 2.863605621125707)	('>10k+', 6.77537495108569)
CONTROL_1hr_5_1	(1.0, 8.117870631047204)	(2.0, 7.177543530123966)	(3.0, 5.814197419855812)	(4.0, 4.065955390504102)	(5.0, 2.736559533442791)	(6.0, 1.80082736611884)	(7.0, 1.2411270748466774)	(8.0, 0.8855694822950511)	(9.0, 0.615767642911202)	('>10', 5.037792401688238)	('>50', 1.7711452520025877)	('>100', 5.771807606271693)	('>500', 3.5733342056580026)	('>1k', 12.206988928425856)	('>5k', 6.262872361465825)	('>10k+', 32.920641173342155)
CONTROL_1hr_5_2	(1.0, 8.932063401394114)	(2.0, 7.236195176771952)	(3.0, 5.7866614397431535)	(4.0, 4.069507017350854)	(5.0, 2.707947209043062)	(6.0, 1.7348399970974089)	(7.0, 1.2176556243496004)	(8.0, 0.8150076598356302)	(9.0, 0.6044192441695556)	('>10', 4.477500273009735)	('>50', 1.5776209059011166)	('>100', 5.360659992870054)	('>500', 4.0167859641862)	('>1k', 12.704940411693475)	('>5k', 6.387170391823931)	('>10k+', 32.3710252907602)
CONTROL_24hr_1_1	(1.0, 2.151795169665753)	(2.0, 1.5777269367873912)	(3.0, 2.2975460229913187)	(4.0, 2.7215769325377215)	(5.0, 2.8826654152270694)	(6.0, 2.720037912802932)	(7.0, 2.427648759865034)	(8.0, 2.0887520990626496)	(9.0, 1.7624199825562097)	('>10', 11.258128517786242)	('>50', 2.670979363528961)	('>100', 6.921945093643529)	('>500', 3.6168040155332157)	('>1k', 9.489192332029521)	('>5k', 4.280892488872221)	('>10k+', 41.13188895711022)
CONTROL_24hr_1_2	(1.0, 2.8127503869731707)	(2.0, 1.5614919454283251)	(3.0, 2.2764131788094057)	(4.0, 2.6885882026361902)	(5.0, 2.8547374300487096)	(6.0, 2.683292948465013)	(7.0, 2.4166496748593636)	(8.0, 2.0790194562993656)	(9.0, 1.709355138159738)	('>10', 10.823381669442096)	('>50', 2.5397262122438002)	('>100', 6.6968575559120005)	('>500', 3.688459084889966)	('>1k', 8.751166451903183)	('>5k', 3.568098706589995)	('>10k+', 42.85001195733972)
CONTROL_24hr_2_1	(1.0, 2.894831874422356)	(2.0, 2.7347296355356985)	(3.0, 2.8069355474245676)	(4.0, 2.522912944396724)	(5.0, 2.047633985746305)	(6.0, 1.6550635572387475)	(7.0, 1.2387592606815987)	(8.0, 0.9931496522183921)	(9.0, 0.7298778537933858)	('>10', 5.877764018286916)	('>50', 2.10549462919696)	('>100', 6.336029875084681)	('>500', 3.3480903084058906)	('>1k', 9.402164846403597)	('>5k', 5.303447958143001)	('>10k+', 50.0031140530212)
CONTROL_24hr_2_2	(1.0, 3.442309294029072)	(2.0, 2.719013345232141)	(3.0, 2.8076735497790954)	(4.0, 2.506481302218735)	(5.0, 2.009725192726866)	(6.0, 1.620486075402313)	(7.0, 1.2151714914058132)	(8.0, 0.9285398622555039)	(9.0, 0.7468232178307331)	('>10', 5.618654545275158)	('>50', 2.0294741480645855)	('>100', 6.0296210135954915)	('>500', 3.3462465963233794)	('>1k', 8.419451699979152)	('>5k', 3.9078548052857056)	('>10k+', 52.65247386059622)
CONTROL_24hr_3_1	(1.0, 2.518931209350995)	(2.0, 2.197580614763804)	(3.0, 2.5837583098702392)	(4.0, 2.630663517982063)	(5.0, 2.4501420483251497)	(6.0, 2.0483223717239376)	(7.0, 1.6710034442545554)	(8.0, 1.3568322236007277)	(9.0, 1.0830412781188752)	('>10', 7.816128766301171)	('>50', 2.4604710685116626)	('>100', 7.376805238976984)	('>500', 4.328938793175573)	('>1k', 13.855729242756878)	('>5k', 6.483800130331112)	('>10k+', 39.13785174195621)
CONTROL_24hr_3_2	(1.0, 2.9168129387991932)	(2.0, 2.1833701343675043)	(3.0, 2.6143731379138146)	(4.0, 2.588798320573973)	(5.0, 2.433543719402061)	(6.0, 2.0417741300412975)	(7.0, 1.6970944734805382)	(8.0, 1.3137777713934382)	(9.0, 1.0581328236065364)	('>10', 7.273503441139373)	('>50', 2.2273688538439504)	('>100', 6.913625092268057)	('>500', 4.5974718398318)	('>1k', 14.016875743006594)	('>5k', 6.1820248956506845)	('>10k+', 39.941452684681224)
CONTROL_24hr_4_1	(1.0, 8.448713750208782)	(2.0, 6.5957102894670845)	(3.0, 5.039534792065291)	(4.0, 3.5336029536384093)	(5.0, 2.3754790239283285)	(6.0, 1.6274172803796658)	(7.0, 1.1230057471426718)	(8.0, 0.8172014690511915)	(9.0, 0.6234061256951781)	('>10', 5.61934443420599)	('>50', 2.085274041849302)	('>100', 6.351022247466558)	('>500', 3.506299703512497)	('>1k', 10.22662100453143)	('>5k', 4.879153212447947)	('>10k+', 37.14821392440968)
CONTROL_24hr_4_2	(1.0, 9.12385046827927)	(2.0, 6.71263029604826)	(3.0, 5.064237805364302)	(4.0, 3.4854350657962745)	(5.0, 2.3679428270670977)	(6.0, 1.573577315426179)	(7.0, 1.1044754264110133)	(8.0, 0.7857631598534186)	(9.0, 0.5798562762752069)	('>10', 5.210160048620708)	('>50', 2.0349736616120175)	('>100', 6.198371872715424)	('>500', 3.776761097152534)	('>1k', 9.997251062321972)	('>5k', 4.395061978451153)	('>10k+', 37.58965163860523)
CONTROL_24hr_5_1	(1.0, 2.1517747992038103)	(2.0, 2.027577334873669)	(3.0, 2.3772490170232694)	(4.0, 2.4466663785849243)	(5.0, 2.2549295955946835)	(6.0, 1.90522754311307)	(7.0, 1.5082930259037293)	(8.0, 1.1740953168963157)	(9.0, 0.9166555158952228)	('>10', 6.213302720130458)	('>50', 2.059644003014537)	('>100', 6.2715395968501175)	('>500', 3.6892004734374395)	('>1k', 10.05391543601728)	('>5k', 4.146008865307767)	('>10k+', 50.80392037815364)
CONTROL_24hr_5_2	(1.0, 2.6926954425557863)	(2.0, 2.039174633586499)	(3.0, 2.3723297099815888)	(4.0, 2.468159050266809)	(5.0, 2.2630358714668772)	(6.0, 1.8921270121081204)	(7.0, 1.46583767332842)	(8.0, 1.1530836929395956)	(9.0, 0.8945687577091241)	('>10', 5.87935642354998)	('>50', 1.9072743393922893)	('>100', 6.307809410822285)	('>500', 3.8034518103391375)	('>1k', 8.635252206106534)	('>5k', 3.917088155168517)	('>10k+', 52.308755810678385)
LIF_1hr_1_1	(1.0, 6.26995135338963)	(2.0, 6.050933036281111)	(3.0, 5.59209646019747)	(4.0, 4.671247630493068)	(5.0, 3.4303113234375724)	(6.0, 2.520352110526562)	(7.0, 1.7928457852911595)	(8.0, 1.2637932515002719)	(9.0, 0.9547198565081398)	('>10', 5.670447278638402)	('>50', 1.785050373043134)	('>100', 5.132369584955187)	('>500', 3.0273327707942084)	('>1k', 11.011931125627232)	('>5k', 6.061846423547815)	('>10k+', 34.76477163576901)
LIF_1hr_1_2	(1.0, 7.001496979875677)	(2.0, 6.113849283050363)	(3.0, 5.596932402391783)	(4.0, 4.508551282476718)	(5.0, 3.423402901826967)	(6.0, 2.457572499032073)	(7.0, 1.7119789041965385)	(8.0, 1.2439087429251103)	(9.0, 0.8925518482382436)	('>10', 5.5350206206674395)	('>50', 1.552442096510362)	('>100', 4.46091435439225)	('>500', 2.8797419062866982)	('>1k', 11.648084642301312)	('>5k', 6.658743004202641)	('>10k+', 34.314808531625836)
LIF_1hr_2_1	(1.0, 1.5117681828274425)	(2.0, 1.147310397822403)	(3.0, 1.5403526334674558)	(4.0, 1.8201231389149075)	(5.0, 1.8755878718772594)	(6.0, 1.8061246318459723)	(7.0, 1.629253250455393)	(8.0, 1.369584270828122)	(9.0, 1.1146571096884799)	('>10', 6.772557816366293)	('>50', 1.5315435490966134)	('>100', 3.863063369030023)	('>500', 2.0833926086376904)	('>1k', 7.142918566079989)	('>5k', 4.430404981673326)	('>10k+', 60.361357621388635)
LIF_1hr_2_2	(1.0, 2.06631457630295)	(2.0, 1.1291167437981313)	(3.0, 1.5389475079945933)	(4.0, 1.7980133895650348)	(5.0, 1.8922961423734366)	(6.0, 1.809819669875446)	(7.0, 1.5956312515790372)	(8.0, 1.3521425637046949)	(9.0, 1.0953470208838978)	('>10', 6.556056144092255)	('>50', 1.3642907390440304)	('>100', 3.111409291755457)	('>500', 1.6980963220868468)	('>1k', 5.637796579132728)	('>5k', 3.817592205515688)	('>10k+', 63.537129852295784)
LIF_1hr_3_1	(1.0, 4.895695582545749)	(2.0, 4.2343560649338485)	(3.0, 3.683159165566375)	(4.0, 2.6681697928391204)	(5.0, 1.8787503705635458)	(6.0, 1.3340414316424403)	(7.0, 0.8868175824222672)	(8.0, 0.6543450361255012)	(9.0, 0.47731990465745305)	('>10', 4.3531035980917645)	('>50', 1.7999312323921834)	('>100', 5.680679801364508)	('>500', 3.4268254464692145)	('>1k', 10.651510493805768)	('>5k', 6.258298595433877)	('>10k+', 47.11699590114637)
LIF_1hr_3_2	(1.0, 5.356977673358264)	(2.0, 4.240989986984036)	(3.0, 3.6234373831913054)	(4.0, 2.6360103325608844)	(5.0, 1.840183649980413)	(6.0, 1.2942137810422745)	(7.0, 0.8902412176111624)	(8.0, 0.6147692575547073)	(9.0, 0.4770412556757287)	('>10', 3.9960325921696342)	('>50', 1.5404424469455773)	('>100', 5.373712445813443)	('>500', 3.2473373214522288)	('>1k', 10.075633882895879)	('>5k', 5.841289844024207)	('>10k+', 48.95168692874024)
LIF_1hr_4_1	(1.0, 7.614623217098401)	(2.0, 6.469391981823821)	(3.0, 5.120029602023159)	(4.0, 3.760427413125976)	(5.0, 2.6144413066588816)	(6.0, 1.8429455337631624)	(7.0, 1.2902503416707316)	(8.0, 0.9118214501320147)	(9.0, 0.7362520338331512)	('>10', 6.24688311905156)	('>50', 2.2831229312285384)	('>100', 6.4188421703135585)	('>500', 3.881653547301277)	('>1k', 11.168303782167781)	('>5k', 5.820332496309399)	('>10k+', 33.82067907349866)
LIF_1hr_4_2	(1.0, 8.247286086373217)	(2.0, 6.503129350940181)	(3.0, 5.172337845678399)	(4.0, 3.7768532840680353)	(5.0, 2.612638807607135)	(6.0, 1.7837938926516064)	(7.0, 1.2512954265911334)	(8.0, 0.8958534647303862)	(9.0, 0.673864849668751)	('>10', 5.752869422141272)	('>50', 2.084084036020372)	('>100', 6.17749988735538)	('>500', 3.950450466744847)	('>1k', 11.33549735354072)	('>5k', 5.318223675273799)	('>10k+', 34.46432215061475)
LIF_1hr_5_1	(1.0, 2.445978215939674)	(2.0, 1.8934815549994346)	(3.0, 2.3775968550239455)	(4.0, 2.586644386639237)	(5.0, 2.7168831508656157)	(6.0, 2.511915820559708)	(7.0, 2.209810139140899)	(8.0, 1.88965612021746)	(9.0, 1.6181622991609472)	('>10', 10.140813701145364)	('>50', 2.290699539380484)	('>100', 6.1624789993944225)	('>500', 3.805226534431741)	('>1k', 12.598133784761457)	('>5k', 6.446954664214492)	('>10k+', 38.30556423412514)
LIF_1hr_5_2	(1.0, 2.97821463542675)	(2.0, 1.9326403115991806)	(3.0, 2.4268934867231957)	(4.0, 2.6631750123305165)	(5.0, 2.703686637806357)	(6.0, 2.5127132581541667)	(7.0, 2.258016960363634)	(8.0, 1.8597455888992083)	(9.0, 1.5850476420781516)	('>10', 9.687188512025976)	('>50', 1.990769186744143)	('>100', 5.550880834673381)	('>500', 3.9473356789427796)	('>1k', 13.44067469518655)	('>5k', 6.327826269071418)	('>10k+', 38.135191289974486)
LIF_24hr_1_1	(1.0, 3.1590576786988054)	(2.0, 3.1169645127982526)	(3.0, 3.5683409460348696)	(4.0, 3.444609303557211)	(5.0, 3.009130631350363)	(6.0, 2.5005699105160795)	(7.0, 1.952399152956911)	(8.0, 1.5480555832193499)	(9.0, 1.151421053302668)	('>10', 7.476461500303258)	('>50', 2.195425823461882)	('>100', 6.485189780783089)	('>500', 3.951378657403152)	('>1k', 11.550413982528376)	('>5k', 4.952753291857453)	('>10k+', 39.937828191228256)
LIF_24hr_1_2	(1.0, 3.7798014521788303)	(2.0, 3.1452999877948864)	(3.0, 3.6012599768246547)	(4.0, 3.457257546538369)	(5.0, 3.0267059410112007)	(6.0, 2.4262263788896408)	(7.0, 1.9194273809601)	(8.0, 1.4760560886074405)	(9.0, 1.1369962083803649)	('>10', 6.993913369967044)	('>50', 1.971464544950527)	('>100', 6.434158665085022)	('>500', 4.376724390650466)	('>1k', 11.198980144151708)	('>5k', 4.602984565091743)	('>10k+', 40.45274335891794)
LIF_24hr_2_1	(1.0, 3.6159087845223286)	(2.0, 3.4228491393735405)	(3.0, 3.3645720537206514)	(4.0, 2.81953484663766)	(5.0, 2.196640549727186)	(6.0, 1.6174266652693572)	(7.0, 1.202748755859697)	(8.0, 0.8991709655559458)	(9.0, 0.684464466452184)	('>10', 5.660432736313296)	('>50', 2.0956997009359313)	('>100', 6.462178417895177)	('>500', 3.580957124211024)	('>1k', 10.926130106038338)	('>5k', 5.127971047629545)	('>10k+', 46.32331463985809)
LIF_24hr_2_2	(1.0, 4.193425644314665)	(2.0, 3.443857770596981)	(3.0, 3.364078148117323)	(4.0, 2.8155229582266568)	(5.0, 2.1971744149773675)	(6.0, 1.5781687989144577)	(7.0, 1.1897320095810153)	(8.0, 0.8672303120137285)	(9.0, 0.6573145443411637)	('>10', 5.353650295784446)	('>50', 1.9877278136388885)	('>100', 6.232318522363319)	('>500', 3.782623590809303)	('>1k', 9.669480941471639)	('>5k', 4.433457331996601)	('>10k+', 48.234236902852444)
LIF_24hr_3_1	(1.0, 1.5873213824139765)	(2.0, 1.0000280422736925)	(3.0, 1.3440708976289168)	(4.0, 1.6026883233246056)	(5.0, 1.6935831630045555)	(6.0, 1.6183100487195858)	(7.0, 1.510551557114145)	(8.0, 1.3092629081772933)	(9.0, 1.1022623303107046)	('>10', 7.276771938058492)	('>50', 1.9754429264529183)	('>100', 5.958496008397682)	('>500', 3.5080821320274134)	('>1k', 10.827400598055668)	('>5k', 5.867627412636903)	('>10k+', 51.81810033140345)
LIF_24hr_3_2	(1.0, 2.0039328705013086)	(2.0, 1.0077313762120477)	(3.0, 1.315055401145647)	(4.0, 1.60232392068397)	(5.0, 1.6858007513493436)	(6.0, 1.577785884647992)	(7.0, 1.4962338386065814)	(8.0, 1.2811833653889937)	(9.0, 1.0855681419849224)	('>10', 6.862241556413101)	('>50', 1.7599347791728992)	('>100', 5.723044198660006)	('>500', 3.4995370608659466)	('>1k', 9.741040055892567)	('>5k', 5.161637240251289)	('>10k+', 54.19694955822343)
LIF_24hr_4_1	(1.0, 20.38664275017879)	(2.0, 13.10249636890442)	(3.0, 8.335701014550917)	(4.0, 5.293206478133696)	(5.0, 3.473432409075484)	(6.0, 2.319901325778842)	(7.0, 1.7130663848703285)	(8.0, 1.2728509007780113)	(9.0, 1.0627900490041795)	('>10', 8.899607519529216)	('>50', 2.4036782060095474)	('>100', 5.598266961821882)	('>500', 2.9127959578578038)	('>1k', 7.958646525043893)	('>5k', 2.4105734423416783)	('>10k+', 12.856343706121438)
LIF_24hr_4_2	(1.0, 21.69448705420225)	(2.0, 13.564181442366898)	(3.0, 8.45469516260704)	(4.0, 5.283669476451092)	(5.0, 3.4129403046633944)	(6.0, 2.2697664427980473)	(7.0, 1.6338495110179212)	(8.0, 1.158900886920936)	(9.0, 0.8855903370920827)	('>10', 7.913710581370554)	('>50', 2.1509732862868463)	('>100', 5.929446276368307)	('>500', 3.371614774206993)	('>1k', 7.145476575043301)	('>5k', 2.3650963212749376)	('>10k+', 12.76560156732941)
LIF_24hr_5_1	(1.0, 2.0240251471630235)	(2.0, 1.2427392040185468)	(3.0, 1.7306787893798699)	(4.0, 2.090780404655973)	(5.0, 2.3029728887646117)	(6.0, 2.3623793270972366)	(7.0, 2.283896118648298)	(8.0, 2.0926294388801194)	(9.0, 1.7947081147323296)	('>10', 11.388232849688377)	('>50', 2.4523256586263344)	('>100', 7.165314012710651)	('>500', 4.286026571022238)	('>1k', 11.414199058817966)	('>5k', 4.525595414237736)	('>10k+', 40.84349700155664)
LIF_24hr_5_2	(1.0, 2.4740041568021223)	(2.0, 1.248252426219686)	(3.0, 1.7204367727533938)	(4.0, 2.1230159497450827)	(5.0, 2.3383645025832935)	(6.0, 2.3809422365762725)	(7.0, 2.312568490617651)	(8.0, 2.0764793167036557)	(9.0, 1.7779258874639738)	('>10', 10.828343564759804)	('>50', 2.183929402460045)	('>100', 7.345240241970416)	('>500', 4.434255731040949)	('>1k', 10.257617521255087)	('>5k', 4.3544495050703125)	('>10k+', 42.144174293978296)
control_1hr_3_1	(1.0, 7.829288039163357)	(2.0, 6.203497309647516)	(3.0, 4.482792410536753)	(4.0, 3.027760676117097)	(5.0, 1.9363793527568447)	(6.0, 1.3021367825637122)	(7.0, 0.8732959463246263)	(8.0, 0.6588929627691648)	(9.0, 0.48796500723126474)	('>10', 4.4932980978953045)	('>50', 1.724620647551097)	('>100', 5.481762722178094)	('>500', 3.70659221123263)	('>1k', 11.955930504282113)	('>5k', 6.265978352112707)	('>10k+', 39.569808977637734)
control_1hr_3_2	(1.0, 8.430655120857056)	(2.0, 6.1801625080231615)	(3.0, 4.432900690554008)	(4.0, 3.0066004015252488)	(5.0, 1.9161242979056552)	(6.0, 1.2950302009279508)	(7.0, 0.8428404393455583)	(8.0, 0.6147781275905383)	(9.0, 0.4483262847629396)	('>10', 4.001540507839708)	('>50', 1.4459871116330574)	('>100', 5.071362716581205)	('>500', 3.6589105777187894)	('>1k', 12.138356337784803)	('>5k', 6.307864216807407)	('>10k+', 40.20856046014293)
