Sample	0	1	2	3	4	5	6	7	8	9	10	11	12	13	14	15
CONTROL_0hr_1_1	(1.0, 2.077790846073427)	(2.0, 1.7438142818045967)	(3.0, 2.3895447283469045)	(4.0, 2.7983709299010133)	(5.0, 2.926557867473022)	(6.0, 2.7614145096506637)	(7.0, 2.404760119015509)	(8.0, 2.041922926761601)	(9.0, 1.714598400673178)	('>10', 9.858498509123873)	('>50', 1.8555733791854438)	('>100', 5.001349698400959)	('>500', 2.705814084563501)	('>1k', 8.16180725102341)	('>5k', 4.868808039095543)	('>10k+', 46.68937442890731)
CONTROL_0hr_1_2	(1.0, 5.104482870513678)	(2.0, 2.068521626563903)	(3.0, 2.5522794656054506)	(4.0, 2.9334146100318805)	(5.0, 3.013866647343759)	(6.0, 2.825974964408377)	(7.0, 2.487081473658489)	(8.0, 2.084364127606212)	(9.0, 1.7075927936872188)	('>10', 9.853110598410325)	('>50', 1.8141199556608256)	('>100', 4.626228982957185)	('>500', 2.364590399836295)	('>1k', 6.498224174802562)	('>5k', 4.630677497032959)	('>10k+', 45.435469811880814)
CONTROL_0hr_2_1	(1.0, 1.0466314613704886)	(2.0, 0.716808683595312)	(3.0, 0.8463833032591175)	(4.0, 0.8730812563374195)	(5.0, 0.8484266908329983)	(6.0, 0.7457663728939883)	(7.0, 0.6376621981107171)	(8.0, 0.5009522153577193)	(9.0, 0.4154778811341819)	('>10', 3.2758064295207987)	('>50', 1.4315221319133549)	('>100', 4.214370375860177)	('>500', 2.0891560103165734)	('>1k', 7.433192945910669)	('>5k', 5.125528587676496)	('>10k+', 69.79923345591)
CONTROL_0hr_2_2	(1.0, 3.036080465358332)	(2.0, 0.9099416455138071)	(3.0, 0.9348415311829521)	(4.0, 0.9254486592289702)	(5.0, 0.870185348613941)	(6.0, 0.764036288770726)	(7.0, 0.6232431357194084)	(8.0, 0.5198415777144815)	(9.0, 0.41280544323851676)	('>10', 3.3441963205454743)	('>50', 1.438051210199967)	('>100', 3.7517290853974092)	('>500', 1.8207886718592283)	('>1k', 6.468771665083698)	('>5k', 4.267059047897498)	('>10k+', 69.91297990367558)
CONTROL_0hr_3_1	(1.0, 2.5443296214941538)	(2.0, 2.057881664973205)	(3.0, 1.7812688097003198)	(4.0, 1.3519214239044044)	(5.0, 1.0028991257697564)	(6.0, 0.7288206312153498)	(7.0, 0.5017460303530125)	(8.0, 0.3836578727436636)	(9.0, 0.28983792870020164)	('>10', 2.971013223091954)	('>50', 1.3524018900133363)	('>100', 4.103763999834891)	('>500', 2.3668008461189416)	('>1k', 7.996376109321962)	('>5k', 5.6737395430446895)	('>10k+', 64.89354127972014)
CONTROL_0hr_3_2	(1.0, 4.476251887514935)	(2.0, 2.1272677705737473)	(3.0, 1.7487170281023374)	(4.0, 1.3767145832485599)	(5.0, 0.9939831108881235)	(6.0, 0.7048474998488807)	(7.0, 0.5074671827497079)	(8.0, 0.37010082929873556)	(9.0, 0.27304668517727515)	('>10', 2.765708804872243)	('>50', 1.195088309281623)	('>100', 3.4977686467783284)	('>500', 1.9743043570544925)	('>1k', 7.314146522065025)	('>5k', 4.361400799282213)	('>10k+', 66.31318598326376)
CONTROL_0hr_4_1	(1.0, 4.085542418191395)	(2.0, 4.322421972515405)	(3.0, 4.632924908302503)	(4.0, 4.310531951843874)	(5.0, 3.4773719457355434)	(6.0, 2.692111671902084)	(7.0, 1.9566582268582606)	(8.0, 1.5099115629141768)	(9.0, 1.0446074879457)	('>10', 5.971650101375247)	('>50', 1.862725010971717)	('>100', 6.6270625318061365)	('>500', 4.957327578931361)	('>1k', 14.687376077923334)	('>5k', 7.132111141390528)	('>10k+', 30.729665411392727)
CONTROL_0hr_4_2	(1.0, 6.948970630154401)	(2.0, 4.736923304085743)	(3.0, 4.887631835409702)	(4.0, 4.45202501058451)	(5.0, 3.6486476057238426)	(6.0, 2.8043225703266152)	(7.0, 2.0093768586829746)	(8.0, 1.513914200435426)	(9.0, 1.0987211905069418)	('>10', 6.265306200923948)	('>50', 1.7258353497503987)	('>100', 6.506237064377116)	('>500', 5.528633154730094)	('>1k', 16.46324211072903)	('>5k', 6.67050102587658)	('>10k+', 24.739711887702725)
CONTROL_0hr_5_1	(1.0, 4.044674204106161)	(2.0, 3.60256443135158)	(3.0, 3.3117054288839465)	(4.0, 2.7204648107814258)	(5.0, 2.0572274684665723)	(6.0, 1.530737526763485)	(7.0, 1.0845643430099852)	(8.0, 0.8261357702069727)	(9.0, 0.6337544006780813)	('>10', 4.571627605679759)	('>50', 1.5860388459721806)	('>100', 5.095119779940383)	('>500', 3.326249230961438)	('>1k', 10.156829358417973)	('>5k', 5.094755097516938)	('>10k+', 50.35755169726317)
CONTROL_0hr_5_2	(1.0, 5.009198155366259)	(2.0, 3.6839968999032586)	(3.0, 3.382608832795468)	(4.0, 2.7636616538095677)	(5.0, 2.0605350309928148)	(6.0, 1.535091442093094)	(7.0, 1.1058469442695409)	(8.0, 0.7618106804040342)	(9.0, 0.6096714815896841)	('>10', 4.17161288941413)	('>50', 1.3690315632695433)	('>100', 4.971648534734649)	('>500', 3.5040563383715586)	('>1k', 9.900803655532686)	('>5k', 3.978009485566251)	('>10k+', 51.19241641188748)
CONTROL_1hr_1_1	(1.0, 8.203491653552344)	(2.0, 7.883019793873068)	(3.0, 6.705471330792853)	(4.0, 5.05171375361907)	(5.0, 3.7611461739468193)	(6.0, 2.4834253119865988)	(7.0, 1.746636979067215)	(8.0, 1.208435824763967)	(9.0, 0.8884311565650593)	('>10', 5.91465075728123)	('>50', 1.8073991720899205)	('>100', 5.413048081429404)	('>500', 3.6058065306864444)	('>1k', 11.505052140342395)	('>5k', 5.946091558873102)	('>10k+', 27.876179781130546)
CONTROL_1hr_1_2	(1.0, 9.931847783483141)	(2.0, 8.060885886497712)	(3.0, 6.832182444256669)	(4.0, 5.116414671979706)	(5.0, 3.6834964412652793)	(6.0, 2.465958134526263)	(7.0, 1.6877219019639258)	(8.0, 1.1432029894695783)	(9.0, 0.8351004991197641)	('>10', 5.325805791746725)	('>50', 1.505652882547712)	('>100', 5.174879928896791)	('>500', 3.851388942662674)	('>1k', 12.71336577306695)	('>5k', 5.577103888448938)	('>10k+', 26.094992040068142)
CONTROL_1hr_2_1	(1.0, 2.6169882759049234)	(2.0, 2.484423983639906)	(3.0, 2.5558346498041695)	(4.0, 2.3447426961874736)	(5.0, 1.9001436946605361)	(6.0, 1.4823343400536697)	(7.0, 1.1202566190936318)	(8.0, 0.8623022755776915)	(9.0, 0.6724176030142647)	('>10', 5.123097861069724)	('>50', 2.134076054010607)	('>100', 6.975637977246948)	('>500', 4.0018087259624435)	('>1k', 11.73571876783412)	('>5k', 5.853718407287461)	('>10k+', 48.136498068652436)
CONTROL_1hr_2_2	(1.0, 4.893126950675463)	(2.0, 2.8043898178929263)	(3.0, 2.7716620542182375)	(4.0, 2.464572031062897)	(5.0, 1.959857555588014)	(6.0, 1.543831649283588)	(7.0, 1.1552332815438544)	(8.0, 0.8755762898842507)	(9.0, 0.6752333354724822)	('>10', 5.163142950383615)	('>50', 2.0074613081042325)	('>100', 7.021319100841258)	('>500', 3.9150838843231903)	('>1k', 10.049982239689886)	('>5k', 4.938910827729901)	('>10k+', 47.76061672330621)
CONTROL_1hr_4_1	(1.0, 27.666132990617935)	(2.0, 14.969901043680773)	(3.0, 8.68320695122587)	(4.0, 5.117927594283396)	(5.0, 2.895438781752879)	(6.0, 1.9860356292085966)	(7.0, 1.4119120434914119)	(8.0, 1.0681574877905333)	(9.0, 0.7904832014478764)	('>10', 6.9854774152316335)	('>50', 1.8619147944049217)	('>100', 4.422895302607833)	('>500', 2.8784414757835877)	('>1k', 7.987988883559563)	('>5k', 3.700751712798305)	('>10k+', 7.573334692114973)
CONTROL_1hr_4_2	(1.0, 29.22157315437991)	(2.0, 15.280569847366108)	(3.0, 8.654097225111169)	(4.0, 4.796920134000027)	(5.0, 2.960891001948073)	(6.0, 1.902545275815849)	(7.0, 1.2494934465305019)	(8.0, 0.9673905099064222)	(9.0, 0.7503130925227205)	('>10', 6.02057423983087)	('>50', 1.6079429472834557)	('>100', 4.613401939663596)	('>500', 3.0370847600808535)	('>1k', 9.247851806053276)	('>5k', 2.8757786748070857)	('>10k+', 6.8135719447000795)
CONTROL_1hr_5_1	(1.0, 7.9640139779773245)	(2.0, 7.05166215433793)	(3.0, 5.72758839928196)	(4.0, 4.01309673583449)	(5.0, 2.698972889687419)	(6.0, 1.7758383707771421)	(7.0, 1.224619807391864)	(8.0, 0.8785244203113153)	(9.0, 0.6152330394526578)	('>10', 4.975377662705844)	('>50', 1.7580461519538781)	('>100', 5.712758252789973)	('>500', 3.547535997676427)	('>1k', 12.125872731452379)	('>5k', 6.277236514678994)	('>10k+', 33.65362289369047)
CONTROL_1hr_5_2	(1.0, 9.116060918586156)	(2.0, 7.169174073335066)	(3.0, 5.721511522031122)	(4.0, 4.044300950742669)	(5.0, 2.6903809396913667)	(6.0, 1.7246778773396358)	(7.0, 1.2221512753103558)	(8.0, 0.8097588973760805)	(9.0, 0.6006571005791028)	('>10', 4.527280928915729)	('>50', 1.573832605052205)	('>100', 5.335939814463478)	('>500', 3.9656022888908202)	('>1k', 12.64512640584379)	('>5k', 6.247855049530813)	('>10k+', 32.60568935231164)
CONTROL_24hr_1_1	(1.0, 1.986825836378658)	(2.0, 1.4079952369662)	(3.0, 2.044677426480702)	(4.0, 2.423036656035218)	(5.0, 2.5687812857134182)	(6.0, 2.41765643703252)	(7.0, 2.1648137972525254)	(8.0, 1.871593879394293)	(9.0, 1.5816917705722628)	('>10', 10.12251812909983)	('>50', 2.4137787962740846)	('>100', 6.350185132421025)	('>500', 3.356211006387936)	('>1k', 8.859939054491832)	('>5k', 3.9810070030984446)	('>10k+', 46.44928855240114)
CONTROL_24hr_1_2	(1.0, 5.231429468508354)	(2.0, 1.8742872347927253)	(3.0, 2.29667946958861)	(4.0, 2.6046513681640677)	(5.0, 2.718348577100436)	(6.0, 2.5498403302757793)	(7.0, 2.267601178361385)	(8.0, 1.9594060699772133)	(9.0, 1.6221461113025608)	('>10', 10.769549165993231)	('>50', 2.5375848989520744)	('>100', 6.357943455616247)	('>500', 3.4602496176776834)	('>1k', 8.036721864254133)	('>5k', 3.204891538695615)	('>10k+', 42.50866965073989)
CONTROL_24hr_2_1	(1.0, 2.802125723917441)	(2.0, 2.607473453246977)	(3.0, 2.6866043514549234)	(4.0, 2.425535466309131)	(5.0, 1.9665722224986377)	(6.0, 1.5857263713318712)	(7.0, 1.192540035658405)	(8.0, 0.9545497888649973)	(9.0, 0.7044636312844782)	('>10', 5.6761904104057574)	('>50', 2.0184624967853546)	('>100', 6.106816699866634)	('>500', 3.236895789918088)	('>1k', 9.0099590695916)	('>5k', 5.222018409966396)	('>10k+', 51.80406607889931)
CONTROL_24hr_2_2	(1.0, 4.348375301712153)	(2.0, 2.7907221826414985)	(3.0, 2.8094697041193184)	(4.0, 2.482186815634941)	(5.0, 1.979899617680031)	(6.0, 1.5990365183830468)	(7.0, 1.2187080555134604)	(8.0, 0.9225108212648113)	(9.0, 0.7490954079663197)	('>10', 5.7506456423871715)	('>50', 2.0388515016268913)	('>100', 5.9188024717951375)	('>500', 3.2991624705693194)	('>1k', 8.188214044876814)	('>5k', 3.7885870837079767)	('>10k+', 52.1157323601211)
CONTROL_24hr_3_1	(1.0, 2.4205099589448804)	(2.0, 2.081166896454798)	(3.0, 2.4561264994036733)	(4.0, 2.509839801842698)	(5.0, 2.330007553116017)	(6.0, 1.9646886853456982)	(7.0, 1.5974051412759667)	(8.0, 1.3051980043509566)	(9.0, 1.0368052405493875)	('>10', 7.551096923093866)	('>50', 2.366021651932476)	('>100', 7.098072381974074)	('>500', 4.173452611308948)	('>1k', 13.405341965597525)	('>5k', 6.405638259105653)	('>10k+', 41.29862842570341)
CONTROL_24hr_3_2	(1.0, 4.0833339457084294)	(2.0, 2.252814587326273)	(3.0, 2.5794016017431023)	(4.0, 2.5519667390715663)	(5.0, 2.38469662870472)	(6.0, 1.9799501233797572)	(7.0, 1.6692969305382035)	(8.0, 1.2851756814678688)	(9.0, 1.0288806291641954)	('>10', 7.321377836992032)	('>50', 2.2305341106835157)	('>100', 6.775358333990587)	('>500', 4.473259003194568)	('>1k', 13.625332336906451)	('>5k', 5.973292110561931)	('>10k+', 39.78532940056676)
CONTROL_24hr_4_1	(1.0, 8.22416236416074)	(2.0, 6.424341179056939)	(3.0, 4.922364626293)	(4.0, 3.4608870769488225)	(5.0, 2.3388472479475433)	(6.0, 1.5941553126924906)	(7.0, 1.0994667755937584)	(8.0, 0.8045238739805404)	(9.0, 0.6166458770003208)	('>10', 5.529675028462425)	('>50', 2.0465123565478263)	('>100', 6.2295601033388825)	('>500', 3.4491652571543128)	('>1k', 10.112479679079932)	('>5k', 4.737774732505764)	('>10k+', 38.40943850923665)
CONTROL_24hr_4_2	(1.0, 9.59034126024222)	(2.0, 6.643797862736846)	(3.0, 5.000089912615968)	(4.0, 3.4449703266628044)	(5.0, 2.353237703937142)	(6.0, 1.5746506209527014)	(7.0, 1.0964230615715136)	(8.0, 0.7780889268835435)	(9.0, 0.5791887929875013)	('>10', 5.273664255134039)	('>50', 2.01748491392202)	('>100', 6.130872805065661)	('>500', 3.7286675130036593)	('>1k', 9.813115822384228)	('>5k', 4.315520252045939)	('>10k+', 37.65988596985424)
CONTROL_24hr_5_1	(1.0, 2.0876036835552516)	(2.0, 1.92223376453809)	(3.0, 2.257596043514195)	(4.0, 2.323833852817641)	(5.0, 2.1422491770848455)	(6.0, 1.8123841808113483)	(7.0, 1.4412920341298259)	(8.0, 1.1216758336085524)	(9.0, 0.8697732701969978)	('>10', 5.920020807157028)	('>50', 1.971237113868957)	('>100', 5.99119893892432)	('>500', 3.5156290632090528)	('>1k', 9.772015742031385)	('>5k', 4.09017205225315)	('>10k+', 52.76108444229939)
CONTROL_24hr_5_2	(1.0, 3.812616783049273)	(2.0, 2.1016368617624583)	(3.0, 2.347924650051308)	(4.0, 2.3859560552327257)	(5.0, 2.194318807571219)	(6.0, 1.8374336585609137)	(7.0, 1.427531409382691)	(8.0, 1.1253142122427526)	(9.0, 0.8762813229790974)	('>10', 5.856850351587888)	('>50', 1.8812320221187253)	('>100', 6.192927698064811)	('>500', 3.7252490158119893)	('>1k', 8.30600872979406)	('>5k', 3.704629130615638)	('>10k+', 52.22408929117442)
LIF_1hr_1_1	(1.0, 6.094259166820898)	(2.0, 5.883260570875637)	(3.0, 5.459318390423403)	(4.0, 4.555671255237484)	(5.0, 3.3521925609594416)	(6.0, 2.465583148390287)	(7.0, 1.7481305971156311)	(8.0, 1.2387348537601262)	(9.0, 0.9260203022677451)	('>10', 5.5588600212410375)	('>50', 1.769071252657047)	('>100', 5.033003872604999)	('>500', 2.9928259000938398)	('>1k', 10.820113109445625)	('>5k', 5.910921118382743)	('>10k+', 36.192033879724036)
LIF_1hr_1_2	(1.0, 7.411384386375987)	(2.0, 6.027653200436659)	(3.0, 5.501931324239124)	(4.0, 4.435853000553177)	(5.0, 3.3558445826930994)	(6.0, 2.41663914779297)	(7.0, 1.7023574822319663)	(8.0, 1.2218234013623612)	(9.0, 0.8807769638722851)	('>10', 5.564604089105106)	('>50', 1.561548921044883)	('>100', 4.440808338915306)	('>500', 2.866284768154337)	('>1k', 11.480536326030483)	('>5k', 6.58752269457254)	('>10k+', 34.54443137261966)
LIF_1hr_2_1	(1.0, 1.3764411239044447)	(2.0, 0.999539828422269)	(3.0, 1.3290381701161365)	(4.0, 1.5728189444060163)	(5.0, 1.616210358400336)	(6.0, 1.563532241628098)	(7.0, 1.4070322306863396)	(8.0, 1.1849000746050709)	(9.0, 0.9697683359969322)	('>10', 5.868047869045828)	('>50', 1.3428456597148568)	('>100', 3.4676944916661983)	('>500', 1.8750705366592137)	('>1k', 6.470627419994014)	('>5k', 4.076393782419172)	('>10k+', 64.88003893233508)
LIF_1hr_2_2	(1.0, 5.933601974567672)	(2.0, 1.6465392772284733)	(3.0, 1.7052958541653527)	(4.0, 1.8077087162826921)	(5.0, 1.8478189762623827)	(6.0, 1.7286770677157484)	(7.0, 1.5034220495264425)	(8.0, 1.2836964987535715)	(9.0, 1.0429017218549381)	('>10', 7.004352682254461)	('>50', 1.570672575878067)	('>100', 3.271943483351758)	('>500', 1.6597772129098451)	('>1k', 5.188922469378186)	('>5k', 3.443175830042616)	('>10k+', 59.36149360982783)
LIF_1hr_3_1	(1.0, 4.744798403582258)	(2.0, 4.117879161280447)	(3.0, 3.584654086359809)	(4.0, 2.5990903014075792)	(5.0, 1.830632977533752)	(6.0, 1.2961658203569668)	(7.0, 0.8686009586298896)	(8.0, 0.6416020579938141)	(9.0, 0.4661898483343021)	('>10', 4.2331112930644075)	('>50', 1.7566499096373946)	('>100', 5.546410167239001)	('>500', 3.3418829500009815)	('>1k', 10.474265399929452)	('>5k', 6.197777204215141)	('>10k+', 48.300289460434726)
LIF_1hr_3_2	(1.0, 5.596296568396767)	(2.0, 4.2166957840450845)	(3.0, 3.578812157324892)	(4.0, 2.6262821652281385)	(5.0, 1.8276436117714914)	(6.0, 1.2971837836629105)	(7.0, 0.8977719771947406)	(8.0, 0.6162981902422406)	(9.0, 0.48739654389929776)	('>10', 4.139991347314593)	('>50', 1.593323664523338)	('>100', 5.421193454516391)	('>500', 3.246722688141204)	('>1k', 9.961505457151043)	('>5k', 5.768532396184559)	('>10k+', 48.72435021040336)
LIF_1hr_4_1	(1.0, 7.415629332964942)	(2.0, 6.309955019125439)	(3.0, 4.995625740637905)	(4.0, 3.678455974075999)	(5.0, 2.55399672495377)	(6.0, 1.8022303052967599)	(7.0, 1.2770613978144103)	(8.0, 0.8927789062056952)	(9.0, 0.7203619819296908)	('>10', 6.112248052199693)	('>50', 2.221947456175164)	('>100', 6.327604498579693)	('>500', 3.784061053097902)	('>1k', 10.992177415685914)	('>5k', 5.772350566398676)	('>10k+', 35.14351557485835)
LIF_1hr_4_2	(1.0, 9.049938501893214)	(2.0, 6.406963053270307)	(3.0, 5.087721052743642)	(4.0, 3.7054095606007476)	(5.0, 2.5687664885431345)	(6.0, 1.7574721324842242)	(7.0, 1.2324191906561026)	(8.0, 0.8732094828296834)	(9.0, 0.677563892077042)	('>10', 5.645908523869476)	('>50', 2.043465727888687)	('>100', 6.067880418880152)	('>500', 3.8793197424926844)	('>1k', 11.202754374735017)	('>5k', 5.221050113758877)	('>10k+', 34.58015774327705)
LIF_1hr_5_1	(1.0, 2.3642682480701653)	(2.0, 1.8233380891497242)	(3.0, 2.2910399553575784)	(4.0, 2.503025346190882)	(5.0, 2.6247246324799995)	(6.0, 2.4360179005945297)	(7.0, 2.1472076255321704)	(8.0, 1.8430988598350466)	(9.0, 1.573715508965047)	('>10', 9.86721715917272)	('>50', 2.2343622207268896)	('>100', 6.025096429058362)	('>500', 3.7065854475564994)	('>1k', 12.331429418385358)	('>5k', 6.349589214516915)	('>10k+', 39.879283944408094)
LIF_1hr_5_2	(1.0, 3.73297764829629)	(2.0, 1.99265778655923)	(3.0, 2.4022408179463004)	(4.0, 2.6149167984548876)	(5.0, 2.647145259262171)	(6.0, 2.451215789217746)	(7.0, 2.218475533576603)	(8.0, 1.8344011855181148)	(9.0, 1.5604138515041481)	('>10', 9.588011305367319)	('>50', 1.9797714218277167)	('>100', 5.453368217565225)	('>500', 3.868050451633792)	('>1k', 13.191230653826652)	('>5k', 6.253523106620755)	('>10k+', 38.211600172823)
LIF_24hr_1_1	(1.0, 3.033506475827481)	(2.0, 2.984595568649698)	(3.0, 3.404495574663237)	(4.0, 3.3017254596441115)	(5.0, 2.882362605686101)	(6.0, 2.4035371639320893)	(7.0, 1.8741814472268465)	(8.0, 1.4861104497486135)	(9.0, 1.110372278844904)	('>10', 7.203352055662116)	('>50', 2.1258640696284843)	('>100', 6.27760798350341)	('>500', 3.8085621781804906)	('>1k', 11.197587684835057)	('>5k', 4.853583313223612)	('>10k+', 42.0525556907437)
LIF_24hr_1_2	(1.0, 4.918661388911784)	(2.0, 3.1853758311087486)	(3.0, 3.5339997710256705)	(4.0, 3.3648984188824644)	(5.0, 2.9522878205648366)	(6.0, 2.3713198730845284)	(7.0, 1.8696992399977328)	(8.0, 1.443368843333629)	(9.0, 1.1023875566557322)	('>10', 6.938181222242185)	('>50', 1.9137207385750865)	('>100', 6.2282760502470325)	('>500', 4.24671271812255)	('>1k', 10.86806418372659)	('>5k', 4.421542113630303)	('>10k+', 40.64150422989108)
LIF_24hr_2_1	(1.0, 3.4657778540780804)	(2.0, 3.2569063598183545)	(3.0, 3.2102572307023554)	(4.0, 2.6908214743950705)	(5.0, 2.0954835560126046)	(6.0, 1.5480976691275687)	(7.0, 1.1496848068791672)	(8.0, 0.8615249595172242)	(9.0, 0.6564014362911861)	('>10', 5.434322313516722)	('>50', 2.0095722603316752)	('>100', 6.232893441146901)	('>500', 3.4815688676255787)	('>1k', 10.535901591063352)	('>5k', 5.037687337614869)	('>10k+', 48.333098841879305)
LIF_24hr_2_2	(1.0, 6.470457641268215)	(2.0, 3.3835466242240644)	(3.0, 3.228470046671884)	(4.0, 2.69450870156285)	(5.0, 2.1184835348830333)	(6.0, 1.5236984723326286)	(7.0, 1.1431711892264085)	(8.0, 0.8275366978823864)	(9.0, 0.6397862024007397)	('>10', 5.115707349891508)	('>50', 1.9014094293679384)	('>100', 5.9854735941770345)	('>500', 3.6511601433567615)	('>1k', 9.425876020248108)	('>5k', 4.205309006517021)	('>10k+', 47.68540534598937)
LIF_24hr_3_1	(1.0, 1.5044476492850067)	(2.0, 0.9098953240643165)	(3.0, 1.2259684016349106)	(4.0, 1.4666812549557806)	(5.0, 1.5583905177986925)	(6.0, 1.5007113004745884)	(7.0, 1.3958836222675908)	(8.0, 1.2180735260816085)	(9.0, 1.0271201638136398)	('>10', 6.753579404948535)	('>50', 1.8422596670813318)	('>100', 5.617050978259845)	('>500', 3.326742036630174)	('>1k', 10.104405491949295)	('>5k', 5.710081954879227)	('>10k+', 54.83870870587547)
LIF_24hr_3_2	(1.0, 4.0822296053910705)	(2.0, 1.254826909707943)	(3.0, 1.4027782997382063)	(4.0, 1.5911440145392295)	(5.0, 1.6546555186703789)	(6.0, 1.545099774336393)	(7.0, 1.4565008397352417)	(8.0, 1.2500269257870136)	(9.0, 1.0612265474490534)	('>10', 6.980001571938539)	('>50', 1.8040253381132045)	('>100', 5.565659997623785)	('>500', 3.3983266065188347)	('>1k', 9.277467108692345)	('>5k', 4.924196478228707)	('>10k+', 52.75183446353008)
LIF_24hr_4_1	(1.0, 20.134893970705225)	(2.0, 12.965680179981021)	(3.0, 8.268912324007422)	(4.0, 5.27445129331271)	(5.0, 3.4583999140381403)	(6.0, 2.3135468697559953)	(7.0, 1.7175358837972605)	(8.0, 1.268552768552955)	(9.0, 1.0562424770499113)	('>10', 8.898213434069486)	('>50', 2.4096772810847664)	('>100', 5.598959687775321)	('>500', 2.912661586162722)	('>1k', 7.948877305986072)	('>5k', 2.409018332297574)	('>10k+', 13.364376691423304)
LIF_24hr_4_2	(1.0, 21.642507084956808)	(2.0, 13.465825835796602)	(3.0, 8.419603078697977)	(4.0, 5.261302877632735)	(5.0, 3.4175111332097377)	(6.0, 2.274060513053836)	(7.0, 1.6407324045099512)	(8.0, 1.1643693733513145)	(9.0, 0.883298664347543)	('>10', 7.955105545388596)	('>50', 2.153596835750093)	('>100', 5.929276472070416)	('>500', 3.3759697335634073)	('>1k', 7.117187993517167)	('>5k', 2.4504797759114605)	('>10k+', 12.849172678242374)
LIF_24hr_5_1	(1.0, 1.9011129418364359)	(2.0, 1.1263373888111021)	(3.0, 1.5641700239985863)	(4.0, 1.9081691180464215)	(5.0, 2.1015574140342164)	(6.0, 2.158613906813596)	(7.0, 2.0978053881968712)	(8.0, 1.9228400938354313)	(9.0, 1.6521869688022601)	('>10', 10.585919401763062)	('>50', 2.329544788417084)	('>100', 6.6297955849765415)	('>500', 3.9538465373599423)	('>1k', 10.642982901005096)	('>5k', 4.594585359629455)	('>10k+', 44.830532182473924)
LIF_24hr_5_2	(1.0, 5.250584926589579)	(2.0, 1.5893926692686848)	(3.0, 1.811235861702334)	(4.0, 2.087438129497616)	(5.0, 2.2515740451448765)	(6.0, 2.2683473801605074)	(7.0, 2.201247335322904)	(8.0, 1.9640844632134695)	(9.0, 1.6798471841186435)	('>10', 10.464348713377479)	('>50', 2.098400852702456)	('>100', 6.853299442009749)	('>500', 4.202272407647675)	('>1k', 9.51034990076452)	('>5k', 4.072245182237122)	('>10k+', 41.69533150624239)
control_1hr_3_1	(1.0, 7.583825394258377)	(2.0, 5.999019193626758)	(3.0, 4.345027322400615)	(4.0, 2.932576001527211)	(5.0, 1.882488696750196)	(6.0, 1.2650909203779672)	(7.0, 0.8461039928371737)	(8.0, 0.6382152950029141)	(9.0, 0.4739067837472814)	('>10', 4.3589416433092065)	('>50', 1.6816879026904652)	('>100', 5.368912916239369)	('>500', 3.6110451346203734)	('>1k', 11.753522765750638)	('>5k', 6.104310990508152)	('>10k+', 41.15532504635335)
control_1hr_3_2	(1.0, 9.310689579193829)	(2.0, 6.167906838931)	(3.0, 4.376970455523374)	(4.0, 2.9728037672451904)	(5.0, 1.8961738713374878)	(6.0, 1.2806922673778536)	(7.0, 0.8384033616041302)	(8.0, 0.6164032573436778)	(9.0, 0.45498112553419257)	('>10', 4.0157367894532605)	('>50', 1.4310624323143397)	('>100', 4.936432323117996)	('>500', 3.574889025101306)	('>1k', 11.90925032653386)	('>5k', 6.176939660481818)	('>10k+', 40.04066491890669)
