Sample	0	1	2	3	4	5	6	7	8	9	10	11	12	13	14	15	16	17	18	19	20	21	22	23	24	25	26
CONTROL_0hr_1_1	(20, 9341.0)	(25, 17680.0)	(30, 8217.0)	(35, 10440.0)	(40, 11965.0)	(45, 14949.0)	(50, 29332.0)	(55, 20544.0)	(60, 29573.0)	(65, 41397.0)	(70, 65377.0)	(75, 110352.0)	(80, 170437.0)	(85, 212680.0)	(90, 319501.0)	(95, 463589.0)	(100, 553478.0)	(105, 580894.0)	(110, 695490.0)	(115, 816271.0)	(120, 813539.0)	(125, 837742.0)	(130, 690557.0)	(135, 685031.0)	(140, 734335.0)	(145, 1857203.0)	(150, 12359039.0)
CONTROL_0hr_1_2	(20, 10608.0)	(25, 17834.0)	(30, 8424.0)	(35, 9401.0)	(40, 11210.0)	(45, 13207.0)	(50, 17832.0)	(55, 20673.0)	(60, 30823.0)	(65, 42650.0)	(70, 66537.0)	(75, 111150.0)	(80, 171143.0)	(85, 212683.0)	(90, 319300.0)	(95, 463397.0)	(100, 552970.0)	(105, 578139.0)	(110, 691707.0)	(115, 810953.0)	(120, 809992.0)	(125, 837743.0)	(130, 690270.0)	(135, 696865.0)	(140, 740501.0)	(145, 2032393.0)	(150, 12190548.0)
CONTROL_0hr_2_1	(20, 5682.0)	(25, 10976.0)	(30, 6034.0)	(35, 7737.0)	(40, 9340.0)	(45, 12097.0)	(50, 24259.0)	(55, 19019.0)	(60, 29730.0)	(65, 41354.0)	(70, 66501.0)	(75, 122729.0)	(80, 194750.0)	(85, 225439.0)	(90, 353990.0)	(95, 538243.0)	(100, 633264.0)	(105, 617681.0)	(110, 770511.0)	(115, 971031.0)	(120, 957785.0)	(125, 1020868.0)	(130, 804528.0)	(135, 797339.0)	(140, 921258.0)	(145, 1930136.0)	(150, 14828834.0)
CONTROL_0hr_2_2	(20, 6394.0)	(25, 10820.0)	(30, 6052.0)	(35, 7248.0)	(40, 9181.0)	(45, 10882.0)	(50, 15201.0)	(55, 18736.0)	(60, 30830.0)	(65, 42482.0)	(70, 67488.0)	(75, 123087.0)	(80, 194623.0)	(85, 224900.0)	(90, 352429.0)	(95, 536217.0)	(100, 630232.0)	(105, 612386.0)	(110, 764069.0)	(115, 963589.0)	(120, 951435.0)	(125, 1018124.0)	(130, 801625.0)	(135, 802077.0)	(140, 921664.0)	(145, 2213607.0)	(150, 14585737.0)
CONTROL_0hr_3_1	(20, 4737.0)	(25, 10536.0)	(30, 7369.0)	(35, 9881.0)	(40, 11794.0)	(45, 16586.0)	(50, 39285.0)	(55, 23963.0)	(60, 37159.0)	(65, 52344.0)	(70, 84850.0)	(75, 153885.0)	(80, 244980.0)	(85, 277366.0)	(90, 427973.0)	(95, 642990.0)	(100, 744281.0)	(105, 734168.0)	(110, 935607.0)	(115, 1132900.0)	(120, 1186471.0)	(125, 1207959.0)	(130, 1009787.0)	(135, 1025021.0)	(140, 1181467.0)	(145, 2487352.0)	(150, 17651109.0)
CONTROL_0hr_3_2	(20, 5401.0)	(25, 8994.0)	(30, 6375.0)	(35, 8043.0)	(40, 10069.0)	(45, 12545.0)	(50, 17284.0)	(55, 22700.0)	(60, 38375.0)	(65, 53839.0)	(70, 85699.0)	(75, 153763.0)	(80, 244122.0)	(85, 276743.0)	(90, 426781.0)	(95, 641920.0)	(100, 742974.0)	(105, 728650.0)	(110, 928578.0)	(115, 1125991.0)	(120, 1182205.0)	(125, 1209917.0)	(130, 1010752.0)	(135, 1045098.0)	(140, 1185323.0)	(145, 2743888.0)	(150, 17425791.0)
CONTROL_0hr_4_1	(20, 9773.0)	(25, 18976.0)	(30, 11820.0)	(35, 13361.0)	(40, 16579.0)	(45, 20742.0)	(50, 34298.0)	(55, 29513.0)	(60, 45338.0)	(65, 60257.0)	(70, 93459.0)	(75, 153268.0)	(80, 239131.0)	(85, 292868.0)	(90, 409768.0)	(95, 562697.0)	(100, 666691.0)	(105, 723665.0)	(110, 827530.0)	(115, 936624.0)	(120, 969472.0)	(125, 1011910.0)	(130, 961790.0)	(135, 950205.0)	(140, 974385.0)	(145, 2683704.0)	(150, 16474253.0)
CONTROL_0hr_4_2	(20, 10876.0)	(25, 19747.0)	(30, 12867.0)	(35, 15304.0)	(40, 18239.0)	(45, 20609.0)	(50, 28124.0)	(55, 30437.0)	(60, 46754.0)	(65, 62316.0)	(70, 94840.0)	(75, 154214.0)	(80, 239770.0)	(85, 293885.0)	(90, 410971.0)	(95, 563135.0)	(100, 665691.0)	(105, 721757.0)	(110, 823394.0)	(115, 932722.0)	(120, 965461.0)	(125, 1008825.0)	(130, 958542.0)	(135, 950578.0)	(140, 974353.0)	(145, 2624823.0)	(150, 16543843.0)
CONTROL_0hr_5_1	(20, 3400.0)	(25, 8405.0)	(30, 6387.0)	(35, 10091.0)	(40, 11280.0)	(45, 15494.0)	(50, 40597.0)	(55, 20552.0)	(60, 30978.0)	(65, 45136.0)	(70, 75059.0)	(75, 140201.0)	(80, 234547.0)	(85, 276308.0)	(90, 442956.0)	(95, 660773.0)	(100, 780156.0)	(105, 813275.0)	(110, 1009422.0)	(115, 1220018.0)	(120, 1291748.0)	(125, 1323408.0)	(130, 1170043.0)	(135, 1185468.0)	(140, 1330850.0)	(145, 2975857.0)	(150, 19908869.0)
CONTROL_0hr_5_2	(20, 4092.0)	(25, 6228.0)	(30, 4917.0)	(35, 6107.0)	(40, 8128.0)	(45, 9835.0)	(50, 14247.0)	(55, 18706.0)	(60, 32184.0)	(65, 46586.0)	(70, 76244.0)	(75, 140797.0)	(80, 235211.0)	(85, 276643.0)	(90, 443053.0)	(95, 660824.0)	(100, 779476.0)	(105, 810196.0)	(110, 1005166.0)	(115, 1216549.0)	(120, 1291663.0)	(125, 1328899.0)	(130, 1173975.0)	(135, 1211526.0)	(140, 1339259.0)	(145, 3314093.0)	(150, 19576674.0)
CONTROL_1hr_1_1	(20, 4601.0)	(25, 7177.0)	(30, 4434.0)	(35, 5625.0)	(40, 7464.0)	(45, 10388.0)	(50, 18548.0)	(55, 19656.0)	(60, 32685.0)	(65, 48296.0)	(70, 79772.0)	(75, 135570.0)	(80, 211091.0)	(85, 273646.0)	(90, 396736.0)	(95, 560645.0)	(100, 687604.0)	(105, 761789.0)	(110, 897486.0)	(115, 1038115.0)	(120, 1051729.0)	(125, 1097902.0)	(130, 1004891.0)	(135, 992530.0)	(140, 1028179.0)	(145, 3433092.0)	(150, 21357561.0)
CONTROL_1hr_1_2	(20, 6760.0)	(25, 9148.0)	(30, 6420.0)	(35, 7630.0)	(40, 9716.0)	(45, 11976.0)	(50, 16076.0)	(55, 21717.0)	(60, 34895.0)	(65, 50685.0)	(70, 81784.0)	(75, 137365.0)	(80, 212525.0)	(85, 274688.0)	(90, 397464.0)	(95, 560910.0)	(100, 687016.0)	(105, 759063.0)	(110, 893380.0)	(115, 1032624.0)	(120, 1045782.0)	(125, 1092787.0)	(130, 998901.0)	(135, 992608.0)	(140, 1034690.0)	(145, 3344456.0)	(150, 21446146.0)
CONTROL_1hr_2_1	(20, 5405.0)	(25, 10229.0)	(30, 6005.0)	(35, 8723.0)	(40, 9908.0)	(45, 12584.0)	(50, 28275.0)	(55, 20358.0)	(60, 30836.0)	(65, 44420.0)	(70, 71901.0)	(75, 127389.0)	(80, 199215.0)	(85, 233239.0)	(90, 349569.0)	(95, 496473.0)	(100, 569612.0)	(105, 569471.0)	(110, 681709.0)	(115, 803858.0)	(120, 797423.0)	(125, 808689.0)	(130, 675866.0)	(135, 673638.0)	(140, 745689.0)	(145, 1750449.0)	(150, 11786031.0)
CONTROL_1hr_2_2	(20, 6006.0)	(25, 9014.0)	(30, 5355.0)	(35, 6322.0)	(40, 8048.0)	(45, 9952.0)	(50, 14084.0)	(55, 19093.0)	(60, 31448.0)	(65, 45170.0)	(70, 72399.0)	(75, 127723.0)	(80, 199445.0)	(85, 232909.0)	(90, 348868.0)	(95, 495341.0)	(100, 568349.0)	(105, 566369.0)	(110, 678900.0)	(115, 800433.0)	(120, 796074.0)	(125, 810790.0)	(130, 676308.0)	(135, 690277.0)	(140, 751795.0)	(145, 1903184.0)	(150, 11643308.0)
CONTROL_1hr_4_1	(20, 1448.0)	(25, 2007.0)	(30, 2109.0)	(35, 2749.0)	(40, 3958.0)	(45, 5613.0)	(50, 9450.0)	(55, 12705.0)	(60, 20889.0)	(65, 33195.0)	(70, 54611.0)	(75, 93622.0)	(80, 151361.0)	(85, 227038.0)	(90, 341148.0)	(95, 494587.0)	(100, 655256.0)	(105, 811979.0)	(110, 978515.0)	(115, 1125899.0)	(120, 1222948.0)	(125, 1306889.0)	(130, 1328607.0)	(135, 1352710.0)	(140, 1386537.0)	(145, 4704451.0)	(150, 26072842.0)
CONTROL_1hr_4_2	(20, 4586.0)	(25, 5408.0)	(30, 5750.0)	(35, 7020.0)	(40, 8334.0)	(45, 9615.0)	(50, 12373.0)	(55, 16617.0)	(60, 24518.0)	(65, 37121.0)	(70, 58064.0)	(75, 97104.0)	(80, 154394.0)	(85, 229870.0)	(90, 343433.0)	(95, 496169.0)	(100, 655743.0)	(105, 810371.0)	(110, 974643.0)	(115, 1120450.0)	(120, 1216569.0)	(125, 1299396.0)	(130, 1320673.0)	(135, 1347216.0)	(140, 1389801.0)	(145, 4681241.0)	(150, 26076644.0)
CONTROL_1hr_5_1	(20, 2512.0)	(25, 4954.0)	(30, 4053.0)	(35, 5533.0)	(40, 7263.0)	(45, 10909.0)	(50, 23152.0)	(55, 19832.0)	(60, 32990.0)	(65, 50751.0)	(70, 84998.0)	(75, 149086.0)	(80, 240779.0)	(85, 310932.0)	(90, 457929.0)	(95, 655029.0)	(100, 794438.0)	(105, 873813.0)	(110, 1030546.0)	(115, 1203275.0)	(120, 1231884.0)	(125, 1287841.0)	(130, 1184210.0)	(135, 1182840.0)	(140, 1247654.0)	(145, 3703131.0)	(150, 22969348.0)
CONTROL_1hr_5_2	(20, 4601.0)	(25, 6483.0)	(30, 6091.0)	(35, 7656.0)	(40, 9577.0)	(45, 11759.0)	(50, 16060.0)	(55, 21981.0)	(60, 35793.0)	(65, 53669.0)	(70, 87516.0)	(75, 151172.0)	(80, 242502.0)	(85, 312309.0)	(90, 458527.0)	(95, 654957.0)	(100, 792785.0)	(105, 869382.0)	(110, 1024036.0)	(115, 1196000.0)	(120, 1224672.0)	(125, 1281948.0)	(130, 1177380.0)	(135, 1184233.0)	(140, 1250944.0)	(145, 3582096.0)	(150, 23105553.0)
CONTROL_24hr_1_1	(20, 13119.0)	(25, 24180.0)	(30, 12079.0)	(35, 15734.0)	(40, 18505.0)	(45, 22738.0)	(50, 46097.0)	(55, 33480.0)	(60, 48199.0)	(65, 67145.0)	(70, 105380.0)	(75, 175398.0)	(80, 265941.0)	(85, 309871.0)	(90, 459369.0)	(95, 648991.0)	(100, 748700.0)	(105, 752354.0)	(110, 886415.0)	(115, 1053634.0)	(120, 1040389.0)	(125, 1040417.0)	(130, 859371.0)	(135, 847843.0)	(140, 895858.0)	(145, 2313312.0)	(150, 16133643.0)
CONTROL_24hr_1_2	(20, 14020.0)	(25, 22662.0)	(30, 11260.0)	(35, 13230.0)	(40, 16668.0)	(45, 19063.0)	(50, 25698.0)	(55, 32096.0)	(60, 48904.0)	(65, 67829.0)	(70, 106148.0)	(75, 176108.0)	(80, 266075.0)	(85, 309536.0)	(90, 458794.0)	(95, 647747.0)	(100, 745869.0)	(105, 748708.0)	(110, 881905.0)	(115, 1050175.0)	(120, 1038600.0)	(125, 1043351.0)	(130, 859855.0)	(135, 866753.0)	(140, 903590.0)	(145, 2641341.0)	(150, 15822177.0)
CONTROL_24hr_2_1	(20, 7195.0)	(25, 18257.0)	(30, 11664.0)	(35, 18111.0)	(40, 18743.0)	(45, 23681.0)	(50, 64053.0)	(55, 29124.0)	(60, 40237.0)	(65, 57029.0)	(70, 91646.0)	(75, 164494.0)	(80, 257208.0)	(85, 302707.0)	(90, 464612.0)	(95, 692257.0)	(100, 814897.0)	(105, 834843.0)	(110, 1035862.0)	(115, 1255673.0)	(120, 1301480.0)	(125, 1301705.0)	(130, 1120488.0)	(135, 1140121.0)	(140, 1281377.0)	(145, 2818842.0)	(150, 18891727.0)
CONTROL_24hr_2_2	(20, 7230.0)	(25, 12451.0)	(30, 7430.0)	(35, 8772.0)	(40, 10979.0)	(45, 13249.0)	(50, 19004.0)	(55, 24388.0)	(60, 40604.0)	(65, 57450.0)	(70, 92072.0)	(75, 164153.0)	(80, 257011.0)	(85, 302225.0)	(90, 464289.0)	(95, 691210.0)	(100, 812095.0)	(105, 831121.0)	(110, 1033990.0)	(115, 1255745.0)	(120, 1306153.0)	(125, 1315632.0)	(130, 1129866.0)	(135, 1191155.0)	(140, 1297886.0)	(145, 3226646.0)	(150, 18485227.0)
CONTROL_24hr_3_1	(20, 7443.0)	(25, 16393.0)	(30, 10694.0)	(35, 14978.0)	(40, 16938.0)	(45, 22073.0)	(50, 49858.0)	(55, 28267.0)	(60, 40365.0)	(65, 55579.0)	(70, 88105.0)	(75, 148827.0)	(80, 228156.0)	(85, 289871.0)	(90, 436319.0)	(95, 631642.0)	(100, 764226.0)	(105, 813350.0)	(110, 989317.0)	(115, 1155114.0)	(120, 1208606.0)	(125, 1225154.0)	(130, 1124432.0)	(135, 1130997.0)	(140, 1251612.0)	(145, 2970514.0)	(150, 18892606.0)
CONTROL_24hr_3_2	(20, 7358.0)	(25, 12952.0)	(30, 8436.0)	(35, 10316.0)	(40, 12845.0)	(45, 15204.0)	(50, 22139.0)	(55, 26051.0)	(60, 41037.0)	(65, 56446.0)	(70, 88567.0)	(75, 148747.0)	(80, 227876.0)	(85, 289225.0)	(90, 435290.0)	(95, 629873.0)	(100, 761109.0)	(105, 808533.0)	(110, 983477.0)	(115, 1151879.0)	(120, 1209483.0)	(125, 1232815.0)	(130, 1129324.0)	(135, 1157107.0)	(140, 1256848.0)	(145, 3247251.0)	(150, 18641248.0)
CONTROL_24hr_4_1	(20, 3802.0)	(25, 7679.0)	(30, 6130.0)	(35, 8890.0)	(40, 11550.0)	(45, 16485.0)	(50, 34879.0)	(55, 32344.0)	(60, 54080.0)	(65, 81002.0)	(70, 131431.0)	(75, 223934.0)	(80, 357460.0)	(85, 439694.0)	(90, 643626.0)	(95, 917089.0)	(100, 1088150.0)	(105, 1147496.0)	(110, 1350554.0)	(115, 1544220.0)	(120, 1581497.0)	(125, 1603883.0)	(130, 1447698.0)	(135, 1442703.0)	(140, 1542040.0)	(145, 3879705.0)	(150, 23308543.0)
CONTROL_24hr_4_2	(20, 5742.0)	(25, 8102.0)	(30, 7150.0)	(35, 9238.0)	(40, 12094.0)	(45, 15541.0)	(50, 22899.0)	(55, 33249.0)	(60, 56304.0)	(65, 83509.0)	(70, 133406.0)	(75, 225570.0)	(80, 358408.0)	(85, 439799.0)	(90, 642938.0)	(95, 916259.0)	(100, 1085829.0)	(105, 1141861.0)	(110, 1343305.0)	(115, 1535598.0)	(120, 1574357.0)	(125, 1600700.0)	(130, 1443464.0)	(135, 1450700.0)	(140, 1546325.0)	(145, 4105635.0)	(150, 23108582.0)
CONTROL_24hr_5_1	(20, 4412.0)	(25, 9220.0)	(30, 6847.0)	(35, 9755.0)	(40, 11920.0)	(45, 14465.0)	(50, 31168.0)	(55, 24369.0)	(60, 41537.0)	(65, 58774.0)	(70, 93528.0)	(75, 171359.0)	(80, 268921.0)	(85, 294077.0)	(90, 450371.0)	(95, 652412.0)	(100, 746271.0)	(105, 708722.0)	(110, 834931.0)	(115, 1074334.0)	(120, 1025945.0)	(125, 1042419.0)	(130, 835506.0)	(135, 812132.0)	(140, 911026.0)	(145, 1981183.0)	(150, 13073840.0)
CONTROL_24hr_5_2	(20, 4688.0)	(25, 7485.0)	(30, 5562.0)	(35, 7191.0)	(40, 9460.0)	(45, 11933.0)	(50, 17096.0)	(55, 22773.0)	(60, 41817.0)	(65, 59255.0)	(70, 93708.0)	(75, 171463.0)	(80, 268735.0)	(85, 293528.0)	(90, 449315.0)	(95, 650875.0)	(100, 744100.0)	(105, 705660.0)	(110, 831995.0)	(115, 1071754.0)	(120, 1024662.0)	(125, 1044110.0)	(130, 835774.0)	(135, 826940.0)	(140, 915016.0)	(145, 2277125.0)	(150, 12797424.0)
LIF_1hr_1_1	(20, 5197.0)	(25, 8264.0)	(30, 5496.0)	(35, 7211.0)	(40, 9111.0)	(45, 13225.0)	(50, 28739.0)	(55, 25242.0)	(60, 40269.0)	(65, 64479.0)	(70, 106869.0)	(75, 187311.0)	(80, 296928.0)	(85, 381325.0)	(90, 548293.0)	(95, 771452.0)	(100, 922448.0)	(105, 1004443.0)	(110, 1163071.0)	(115, 1301980.0)	(120, 1310959.0)	(125, 1346876.0)	(130, 1211595.0)	(135, 1199406.0)	(140, 1228700.0)	(145, 3672396.0)	(150, 22613321.0)
LIF_1hr_1_2	(20, 7984.0)	(25, 10394.0)	(30, 8344.0)	(35, 10264.0)	(40, 12440.0)	(45, 14419.0)	(50, 20295.0)	(55, 27866.0)	(60, 43587.0)	(65, 68213.0)	(70, 110145.0)	(75, 189562.0)	(80, 298538.0)	(85, 382056.0)	(90, 548327.0)	(95, 770366.0)	(100, 918344.0)	(105, 997358.0)	(110, 1153216.0)	(115, 1291800.0)	(120, 1301163.0)	(125, 1339961.0)	(130, 1204134.0)	(135, 1201987.0)	(140, 1232127.0)	(145, 3525087.0)	(150, 22786629.0)
LIF_1hr_2_1	(20, 17381.0)	(25, 32654.0)	(30, 17494.0)	(35, 22065.0)	(40, 24375.0)	(45, 26764.0)	(50, 44179.0)	(55, 36857.0)	(60, 53402.0)	(65, 67182.0)	(70, 102682.0)	(75, 174735.0)	(80, 271190.0)	(85, 296884.0)	(90, 446611.0)	(95, 645596.0)	(100, 741602.0)	(105, 708780.0)	(110, 850448.0)	(115, 1013181.0)	(120, 1023529.0)	(125, 1059505.0)	(130, 869589.0)	(135, 851358.0)	(140, 934128.0)	(145, 2020583.0)	(150, 14478393.0)
LIF_1hr_2_2	(20, 17701.0)	(25, 31435.0)	(30, 16827.0)	(35, 19619.0)	(40, 22706.0)	(45, 24902.0)	(50, 33926.0)	(55, 35952.0)	(60, 53523.0)	(65, 67500.0)	(70, 102863.0)	(75, 174744.0)	(80, 270463.0)	(85, 295317.0)	(90, 444852.0)	(95, 644255.0)	(100, 739270.0)	(105, 704770.0)	(110, 845781.0)	(115, 1006981.0)	(120, 1019923.0)	(125, 1060679.0)	(130, 868570.0)	(135, 862059.0)	(140, 941822.0)	(145, 2340986.0)	(150, 14183721.0)
LIF_1hr_3_1	(20, 4142.0)	(25, 9432.0)	(30, 6756.0)	(35, 8904.0)	(40, 10312.0)	(45, 14236.0)	(50, 33264.0)	(55, 22488.0)	(60, 34009.0)	(65, 50561.0)	(70, 84135.0)	(75, 150609.0)	(80, 247995.0)	(85, 301654.0)	(90, 454409.0)	(95, 662344.0)	(100, 783385.0)	(105, 825554.0)	(110, 1001110.0)	(115, 1165428.0)	(120, 1218908.0)	(125, 1259722.0)	(130, 1123376.0)	(135, 1136572.0)	(140, 1221042.0)	(145, 2981290.0)	(150, 19436353.0)
LIF_1hr_3_2	(20, 5314.0)	(25, 8397.0)	(30, 6360.0)	(35, 7537.0)	(40, 9533.0)	(45, 11371.0)	(50, 15964.0)	(55, 21641.0)	(60, 35588.0)	(65, 52012.0)	(70, 85196.0)	(75, 150834.0)	(80, 247292.0)	(85, 301009.0)	(90, 452844.0)	(95, 660670.0)	(100, 780354.0)	(105, 819125.0)	(110, 993731.0)	(115, 1157903.0)	(120, 1212259.0)	(125, 1258839.0)	(130, 1120398.0)	(135, 1150685.0)	(140, 1224544.0)	(145, 3010385.0)	(150, 19448205.0)
LIF_1hr_4_1	(20, 3914.0)	(25, 8359.0)	(30, 6166.0)	(35, 8283.0)	(40, 10332.0)	(45, 16402.0)	(50, 39123.0)	(55, 24706.0)	(60, 37877.0)	(65, 56352.0)	(70, 91973.0)	(75, 156916.0)	(80, 253643.0)	(85, 323894.0)	(90, 476902.0)	(95, 689488.0)	(100, 847990.0)	(105, 943972.0)	(110, 1116857.0)	(115, 1287201.0)	(120, 1345540.0)	(125, 1403682.0)	(130, 1301070.0)	(135, 1295225.0)	(140, 1356986.0)	(145, 3528628.0)	(150, 21275887.0)
LIF_1hr_4_2	(20, 5456.0)	(25, 8168.0)	(30, 6506.0)	(35, 8151.0)	(40, 10356.0)	(45, 12952.0)	(50, 18480.0)	(55, 25003.0)	(60, 40300.0)	(65, 58910.0)	(70, 93868.0)	(75, 157576.0)	(80, 253921.0)	(85, 324458.0)	(90, 476950.0)	(95, 689205.0)	(100, 845993.0)	(105, 938481.0)	(110, 1106891.0)	(115, 1279323.0)	(120, 1338718.0)	(125, 1402918.0)	(130, 1299389.0)	(135, 1306448.0)	(140, 1358975.0)	(145, 3623383.0)	(150, 21216589.0)
LIF_1hr_5_1	(20, 5596.0)	(25, 12852.0)	(30, 9376.0)	(35, 13750.0)	(40, 15947.0)	(45, 22440.0)	(50, 53968.0)	(55, 32446.0)	(60, 52689.0)	(65, 78400.0)	(70, 129589.0)	(75, 232916.0)	(80, 384005.0)	(85, 474762.0)	(90, 709880.0)	(95, 1006861.0)	(100, 1211443.0)	(105, 1284838.0)	(110, 1494752.0)	(115, 1729832.0)	(120, 1769175.0)	(125, 1818858.0)	(130, 1651838.0)	(135, 1617317.0)	(140, 1730097.0)	(145, 4602904.0)	(150, 28888232.0)
LIF_1hr_5_2	(20, 6853.0)	(25, 11057.0)	(30, 8588.0)	(35, 10621.0)	(40, 13383.0)	(45, 16684.0)	(50, 24811.0)	(55, 31667.0)	(60, 54641.0)	(65, 80483.0)	(70, 131396.0)	(75, 233799.0)	(80, 384893.0)	(85, 475366.0)	(90, 709356.0)	(95, 1005924.0)	(100, 1208452.0)	(105, 1278421.0)	(110, 1486767.0)	(115, 1724302.0)	(120, 1765865.0)	(125, 1822285.0)	(130, 1652909.0)	(135, 1643861.0)	(140, 1738350.0)	(145, 4769659.0)	(150, 28744370.0)
LIF_24hr_1_1	(20, 5493.0)	(25, 11121.0)	(30, 6769.0)	(35, 9899.0)	(40, 11430.0)	(45, 15280.0)	(50, 36849.0)	(55, 22100.0)	(60, 33618.0)	(65, 48473.0)	(70, 80429.0)	(75, 140637.0)	(80, 223864.0)	(85, 276405.0)	(90, 418636.0)	(95, 612654.0)	(100, 732260.0)	(105, 769677.0)	(110, 934777.0)	(115, 1110353.0)	(120, 1121482.0)	(125, 1145694.0)	(130, 1002661.0)	(135, 1003907.0)	(140, 1071995.0)	(145, 2747412.0)	(150, 18009863.0)
LIF_24hr_1_2	(20, 6002.0)	(25, 9629.0)	(30, 5853.0)	(35, 7112.0)	(40, 8966.0)	(45, 10870.0)	(50, 15562.0)	(55, 20851.0)	(60, 34330.0)	(65, 49447.0)	(70, 81028.0)	(75, 140751.0)	(80, 224002.0)	(85, 276187.0)	(90, 418089.0)	(95, 611667.0)	(100, 729322.0)	(105, 764997.0)	(110, 928937.0)	(115, 1106291.0)	(120, 1119366.0)	(125, 1148131.0)	(130, 1003081.0)	(135, 1021782.0)	(140, 1076750.0)	(145, 2941219.0)	(150, 17843516.0)
LIF_24hr_2_1	(20, 4617.0)	(25, 11799.0)	(30, 7312.0)	(35, 10080.0)	(40, 12298.0)	(45, 14864.0)	(50, 34098.0)	(55, 22313.0)	(60, 33485.0)	(65, 47577.0)	(70, 77133.0)	(75, 132151.0)	(80, 212585.0)	(85, 251345.0)	(90, 379807.0)	(95, 554890.0)	(100, 656075.0)	(105, 659909.0)	(110, 790798.0)	(115, 960448.0)	(120, 996728.0)	(125, 1013408.0)	(130, 880287.0)	(135, 885564.0)	(140, 987155.0)	(145, 2181535.0)	(150, 14509528.0)
LIF_24hr_2_2	(20, 5102.0)	(25, 9754.0)	(30, 5921.0)	(35, 7154.0)	(40, 9566.0)	(45, 11306.0)	(50, 15820.0)	(55, 20435.0)	(60, 33924.0)	(65, 48207.0)	(70, 77478.0)	(75, 131987.0)	(80, 212204.0)	(85, 250834.0)	(90, 379057.0)	(95, 554450.0)	(100, 654801.0)	(105, 656771.0)	(110, 787120.0)	(115, 956993.0)	(120, 995792.0)	(125, 1016371.0)	(130, 881513.0)	(135, 903205.0)	(140, 992031.0)	(145, 2482948.0)	(150, 14227045.0)
LIF_24hr_3_1	(20, 10906.0)	(25, 25330.0)	(30, 15607.0)	(35, 20738.0)	(40, 22687.0)	(45, 29678.0)	(50, 69242.0)	(55, 35410.0)	(60, 46201.0)	(65, 62131.0)	(70, 97073.0)	(75, 162020.0)	(80, 252143.0)	(85, 304314.0)	(90, 456177.0)	(95, 667057.0)	(100, 793622.0)	(105, 811399.0)	(110, 987473.0)	(115, 1156403.0)	(120, 1227734.0)	(125, 1246771.0)	(130, 1085211.0)	(135, 1096573.0)	(140, 1212433.0)	(145, 2553628.0)	(150, 17009676.0)
LIF_24hr_3_2	(20, 9996.0)	(25, 19769.0)	(30, 11862.0)	(35, 14349.0)	(40, 17116.0)	(45, 19646.0)	(50, 28372.0)	(55, 31177.0)	(60, 46564.0)	(65, 62831.0)	(70, 97297.0)	(75, 161260.0)	(80, 250819.0)	(85, 303035.0)	(90, 453726.0)	(95, 664224.0)	(100, 789067.0)	(105, 804041.0)	(110, 978801.0)	(115, 1152346.0)	(120, 1229035.0)	(125, 1258389.0)	(130, 1093786.0)	(135, 1135601.0)	(140, 1217268.0)	(145, 2800468.0)	(150, 16806792.0)
LIF_24hr_4_1	(20, 1797.0)	(25, 2738.0)	(30, 2953.0)	(35, 3996.0)	(40, 6046.0)	(45, 9426.0)	(50, 16144.0)	(55, 21368.0)	(60, 36011.0)	(65, 56378.0)	(70, 91399.0)	(75, 150273.0)	(80, 237306.0)	(85, 333768.0)	(90, 496011.0)	(95, 693480.0)	(100, 886680.0)	(105, 1043013.0)	(110, 1219260.0)	(115, 1396111.0)	(120, 1475816.0)	(125, 1543112.0)	(130, 1519900.0)	(135, 1532948.0)	(140, 1565958.0)	(145, 4553550.0)	(150, 24791713.0)
LIF_24hr_4_2	(20, 4301.0)	(25, 5515.0)	(30, 5942.0)	(35, 7293.0)	(40, 9449.0)	(45, 12490.0)	(50, 17135.0)	(55, 24343.0)	(60, 39253.0)	(65, 59808.0)	(70, 94277.0)	(75, 153244.0)	(80, 240020.0)	(85, 335942.0)	(90, 498006.0)	(95, 694582.0)	(100, 886353.0)	(105, 1041033.0)	(110, 1215110.0)	(115, 1390126.0)	(120, 1469247.0)	(125, 1537406.0)	(130, 1514043.0)	(135, 1528650.0)	(140, 1567533.0)	(145, 4751658.0)	(150, 24584396.0)
LIF_24hr_5_1	(20, 5242.0)	(25, 10407.0)	(30, 7591.0)	(35, 11534.0)	(40, 13434.0)	(45, 17542.0)	(50, 32642.0)	(55, 28276.0)	(60, 41577.0)	(65, 57882.0)	(70, 85054.0)	(75, 141167.0)	(80, 217842.0)	(85, 245971.0)	(90, 366645.0)	(95, 528389.0)	(100, 619679.0)	(105, 623772.0)	(110, 726360.0)	(115, 905822.0)	(120, 889859.0)	(125, 919038.0)	(130, 768734.0)	(135, 744001.0)	(140, 797253.0)	(145, 1785809.0)	(150, 11115904.0)
LIF_24hr_5_2	(20, 5713.0)	(25, 9373.0)	(30, 6967.0)	(35, 9466.0)	(40, 11902.0)	(45, 15543.0)	(50, 22334.0)	(55, 27371.0)	(60, 41657.0)	(65, 58360.0)	(70, 85275.0)	(75, 141323.0)	(80, 217749.0)	(85, 245817.0)	(90, 366288.0)	(95, 527807.0)	(100, 618536.0)	(105, 621546.0)	(110, 723583.0)	(115, 903438.0)	(120, 889109.0)	(125, 921311.0)	(130, 769275.0)	(135, 753726.0)	(140, 800791.0)	(145, 1980810.0)	(150, 10932356.0)
control_1hr_3_1	(20, 4746.0)	(25, 10019.0)	(30, 6874.0)	(35, 9354.0)	(40, 11636.0)	(45, 16650.0)	(50, 38153.0)	(55, 26231.0)	(60, 37987.0)	(65, 55051.0)	(70, 88228.0)	(75, 149803.0)	(80, 235409.0)	(85, 290692.0)	(90, 423906.0)	(95, 614818.0)	(100, 743960.0)	(105, 824756.0)	(110, 990598.0)	(115, 1144317.0)	(120, 1220409.0)	(125, 1267786.0)	(130, 1163454.0)	(135, 1170899.0)	(140, 1228697.0)	(145, 3129652.0)	(150, 19289598.0)
control_1hr_3_2	(20, 5986.0)	(25, 9253.0)	(30, 6813.0)	(35, 8552.0)	(40, 11024.0)	(45, 13697.0)	(50, 18590.0)	(55, 25770.0)	(60, 39590.0)	(65, 56799.0)	(70, 89464.0)	(75, 149885.0)	(80, 235188.0)	(85, 290752.0)	(90, 423765.0)	(95, 614067.0)	(100, 741877.0)	(105, 819308.0)	(110, 983114.0)	(115, 1137732.0)	(120, 1215033.0)	(125, 1267238.0)	(130, 1160449.0)	(135, 1183631.0)	(140, 1231929.0)	(145, 3077864.0)	(150, 19376313.0)
