Sample	0	1	2	3	4	5	6	7	8	9	10	11	12	13	14	15	16	17	18	19	20	21	22	23	24	25	26
CONTROL_0hr_1_1	(15.0, 10.0)	(16.0, 42.0)	(17.0, 251.0)	(18.0, 595.0)	(19.0, 700.0)	(20.0, 1354.0)	(21.0, 3297.0)	(22.0, 7857.0)	(23.0, 12502.0)	(24.0, 12394.0)	(25.0, 16142.0)	(26.0, 26031.0)	(27.0, 42921.0)	(28.0, 64978.0)	(29.0, 92113.0)	(30.0, 122898.0)	(31.0, 162607.0)	(32.0, 209508.0)	(33.0, 281318.0)	(34.0, 424004.0)	(35.0, 929071.0)	(36.0, 13506901.0)	(37.0, 6241459.0)				
CONTROL_0hr_1_2	(11.0, 3.0)	(12.0, 75.0)	(13.0, 373.0)	(14.0, 710.0)	(15.0, 985.0)	(16.0, 1528.0)	(17.0, 2419.0)	(18.0, 3691.0)	(19.0, 5411.0)	(20.0, 8148.0)	(21.0, 11934.0)	(22.0, 16644.0)	(23.0, 24647.0)	(24.0, 35246.0)	(25.0, 45099.0)	(26.0, 53668.0)	(27.0, 66701.0)	(28.0, 83392.0)	(29.0, 106428.0)	(30.0, 134953.0)	(31.0, 173526.0)	(32.0, 234141.0)	(33.0, 349885.0)	(34.0, 589926.0)	(35.0, 1733249.0)	(36.0, 14869534.0)	(37.0, 3606637.0)
CONTROL_0hr_2_1	(14.0, 1.0)	(15.0, 15.0)	(16.0, 66.0)	(17.0, 176.0)	(18.0, 352.0)	(19.0, 718.0)	(20.0, 1451.0)	(21.0, 4051.0)	(22.0, 8333.0)	(23.0, 10516.0)	(24.0, 10794.0)	(25.0, 16038.0)	(26.0, 26248.0)	(27.0, 43348.0)	(28.0, 67266.0)	(29.0, 96690.0)	(30.0, 130103.0)	(31.0, 170439.0)	(32.0, 217798.0)	(33.0, 295540.0)	(34.0, 437550.0)	(35.0, 863906.0)	(36.0, 15097863.0)	(37.0, 8421853.0)			
CONTROL_0hr_2_2	(12.0, 48.0)	(13.0, 396.0)	(14.0, 702.0)	(15.0, 1003.0)	(16.0, 1473.0)	(17.0, 2367.0)	(18.0, 3426.0)	(19.0, 5242.0)	(20.0, 8130.0)	(21.0, 12743.0)	(22.0, 19181.0)	(23.0, 28796.0)	(24.0, 40894.0)	(25.0, 54261.0)	(26.0, 65342.0)	(27.0, 82079.0)	(28.0, 100362.0)	(29.0, 126424.0)	(30.0, 159497.0)	(31.0, 203205.0)	(32.0, 273800.0)	(33.0, 407990.0)	(34.0, 730920.0)	(35.0, 2353185.0)	(36.0, 18051564.0)	(37.0, 3188085.0)	
CONTROL_0hr_3_1	(15.0, 21.0)	(16.0, 232.0)	(17.0, 695.0)	(18.0, 859.0)	(19.0, 1293.0)	(20.0, 2639.0)	(21.0, 7746.0)	(22.0, 17488.0)	(23.0, 22462.0)	(24.0, 19952.0)	(25.0, 26370.0)	(26.0, 40816.0)	(27.0, 65373.0)	(28.0, 95808.0)	(29.0, 132054.0)	(30.0, 174434.0)	(31.0, 230141.0)	(32.0, 295106.0)	(33.0, 398734.0)	(34.0, 590589.0)	(35.0, 1239280.0)	(36.0, 19560579.0)	(37.0, 8419149.0)				
CONTROL_0hr_3_2	(11.0, 2.0)	(12.0, 50.0)	(13.0, 401.0)	(14.0, 679.0)	(15.0, 1027.0)	(16.0, 1543.0)	(17.0, 2420.0)	(18.0, 3732.0)	(19.0, 5678.0)	(20.0, 8369.0)	(21.0, 13463.0)	(22.0, 20335.0)	(23.0, 31253.0)	(24.0, 44966.0)	(25.0, 59715.0)	(26.0, 71963.0)	(27.0, 87745.0)	(28.0, 106819.0)	(29.0, 135715.0)	(30.0, 172704.0)	(31.0, 222805.0)	(32.0, 303053.0)	(33.0, 448372.0)	(34.0, 749784.0)	(35.0, 2245337.0)	(36.0, 21710204.0)	(37.0, 4893686.0)
CONTROL_0hr_4_1	(15.0, 8.0)	(16.0, 42.0)	(17.0, 153.0)	(18.0, 265.0)	(19.0, 525.0)	(20.0, 1187.0)	(21.0, 2891.0)	(22.0, 6311.0)	(23.0, 10311.0)	(24.0, 13520.0)	(25.0, 21205.0)	(26.0, 34883.0)	(27.0, 56938.0)	(28.0, 86741.0)	(29.0, 125642.0)	(30.0, 169678.0)	(31.0, 226069.0)	(32.0, 295498.0)	(33.0, 408350.0)	(34.0, 639164.0)	(35.0, 1408927.0)	(36.0, 18687063.0)	(37.0, 6996706.0)				
CONTROL_0hr_4_2	(12.0, 55.0)	(13.0, 291.0)	(14.0, 535.0)	(15.0, 795.0)	(16.0, 1229.0)	(17.0, 2101.0)	(18.0, 3580.0)	(19.0, 5717.0)	(20.0, 8636.0)	(21.0, 13052.0)	(22.0, 19230.0)	(23.0, 28321.0)	(24.0, 40581.0)	(25.0, 53914.0)	(26.0, 65613.0)	(27.0, 83286.0)	(28.0, 104399.0)	(29.0, 134135.0)	(30.0, 170801.0)	(31.0, 225874.0)	(32.0, 310891.0)	(33.0, 473550.0)	(34.0, 852428.0)	(35.0, 2611133.0)	(36.0, 19898526.0)	(37.0, 4083404.0)	
CONTROL_0hr_5_1	(15.0, 6.0)	(16.0, 45.0)	(17.0, 235.0)	(18.0, 542.0)	(19.0, 1048.0)	(20.0, 2472.0)	(21.0, 6862.0)	(22.0, 17372.0)	(23.0, 23294.0)	(24.0, 18873.0)	(25.0, 23766.0)	(26.0, 39717.0)	(27.0, 66134.0)	(28.0, 100999.0)	(29.0, 144081.0)	(30.0, 193778.0)	(31.0, 253551.0)	(32.0, 327748.0)	(33.0, 445656.0)	(34.0, 652645.0)	(35.0, 1414960.0)	(36.0, 21531798.0)	(37.0, 9765696.0)				
CONTROL_0hr_5_2	(11.0, 2.0)	(12.0, 65.0)	(13.0, 418.0)	(14.0, 742.0)	(15.0, 1078.0)	(16.0, 1718.0)	(17.0, 2788.0)	(18.0, 4130.0)	(19.0, 5948.0)	(20.0, 9005.0)	(21.0, 13824.0)	(22.0, 20018.0)	(23.0, 29748.0)	(24.0, 42070.0)	(25.0, 55739.0)	(26.0, 69483.0)	(27.0, 89468.0)	(28.0, 110661.0)	(29.0, 141763.0)	(30.0, 180526.0)	(31.0, 235949.0)	(32.0, 320992.0)	(33.0, 477794.0)	(34.0, 831403.0)	(35.0, 2581591.0)	(36.0, 24206633.0)	(37.0, 5597722.0)
CONTROL_1hr_1_1	(14.0, 1.0)	(15.0, 8.0)	(16.0, 31.0)	(17.0, 118.0)	(18.0, 250.0)	(19.0, 546.0)	(20.0, 1231.0)	(21.0, 2995.0)	(22.0, 6554.0)	(23.0, 10795.0)	(24.0, 16059.0)	(25.0, 26603.0)	(26.0, 44408.0)	(27.0, 72178.0)	(28.0, 107753.0)	(29.0, 154153.0)	(30.0, 207439.0)	(31.0, 275410.0)	(32.0, 366774.0)	(33.0, 502910.0)	(34.0, 755136.0)	(35.0, 1736882.0)	(36.0, 23392244.0)	(37.0, 7486734.0)			
CONTROL_1hr_1_2	(11.0, 4.0)	(12.0, 70.0)	(13.0, 341.0)	(14.0, 744.0)	(15.0, 1131.0)	(16.0, 1973.0)	(17.0, 3205.0)	(18.0, 5091.0)	(19.0, 7997.0)	(20.0, 12360.0)	(21.0, 18751.0)	(22.0, 27579.0)	(23.0, 39959.0)	(24.0, 55033.0)	(25.0, 72195.0)	(26.0, 88746.0)	(27.0, 113656.0)	(28.0, 140793.0)	(29.0, 180835.0)	(30.0, 230169.0)	(31.0, 303263.0)	(32.0, 416120.0)	(33.0, 639572.0)	(34.0, 1134433.0)	(35.0, 3298485.0)	(36.0, 23598631.0)	(37.0, 4776076.0)
CONTROL_1hr_2_1	(14.0, 1.0)	(15.0, 7.0)	(16.0, 64.0)	(17.0, 259.0)	(18.0, 420.0)	(19.0, 708.0)	(20.0, 1585.0)	(21.0, 5026.0)	(22.0, 11160.0)	(23.0, 13428.0)	(24.0, 11729.0)	(25.0, 15087.0)	(26.0, 24150.0)	(27.0, 40199.0)	(28.0, 60821.0)	(29.0, 87142.0)	(30.0, 116426.0)	(31.0, 153663.0)	(32.0, 197995.0)	(33.0, 272147.0)	(34.0, 411813.0)	(35.0, 861622.0)	(36.0, 13074572.0)	(37.0, 6156940.0)			
CONTROL_1hr_2_2	(11.0, 1.0)	(12.0, 53.0)	(13.0, 296.0)	(14.0, 533.0)	(15.0, 752.0)	(16.0, 1114.0)	(17.0, 1796.0)	(18.0, 2700.0)	(19.0, 3959.0)	(20.0, 5928.0)	(21.0, 9229.0)	(22.0, 13252.0)	(23.0, 19633.0)	(24.0, 28626.0)	(25.0, 37169.0)	(26.0, 44421.0)	(27.0, 55590.0)	(28.0, 68390.0)	(29.0, 88211.0)	(30.0, 113550.0)	(31.0, 148328.0)	(32.0, 202110.0)	(33.0, 304173.0)	(34.0, 526917.0)	(35.0, 1600422.0)	(36.0, 14573273.0)	(37.0, 3666538.0)
CONTROL_1hr_4_1	(13.0, 1.0)	(14.0, 2.0)	(15.0, 5.0)	(16.0, 27.0)	(17.0, 98.0)	(18.0, 255.0)	(19.0, 521.0)	(20.0, 1162.0)	(21.0, 2797.0)	(22.0, 5867.0)	(23.0, 11058.0)	(24.0, 19666.0)	(25.0, 34757.0)	(26.0, 58713.0)	(27.0, 93568.0)	(28.0, 137838.0)	(29.0, 196915.0)	(30.0, 262057.0)	(31.0, 345861.0)	(32.0, 448299.0)	(33.0, 613714.0)	(34.0, 930869.0)	(35.0, 2063588.0)	(36.0, 27554156.0)	(37.0, 9621329.0)		
CONTROL_1hr_4_2	(11.0, 6.0)	(12.0, 82.0)	(13.0, 397.0)	(14.0, 803.0)	(15.0, 1389.0)	(16.0, 2405.0)	(17.0, 4198.0)	(18.0, 6500.0)	(19.0, 10343.0)	(20.0, 15255.0)	(21.0, 23644.0)	(22.0, 33894.0)	(23.0, 49088.0)	(24.0, 66215.0)	(25.0, 89488.0)	(26.0, 113084.0)	(27.0, 143517.0)	(28.0, 179458.0)	(29.0, 228083.0)	(30.0, 289519.0)	(31.0, 378599.0)	(32.0, 517817.0)	(33.0, 791384.0)	(34.0, 1440252.0)	(35.0, 4406773.0)	(36.0, 29355086.0)	(37.0, 4255844.0)
CONTROL_1hr_5_1	(15.0, 7.0)	(16.0, 59.0)	(17.0, 234.0)	(18.0, 501.0)	(19.0, 790.0)	(20.0, 1576.0)	(21.0, 3773.0)	(22.0, 8704.0)	(23.0, 14537.0)	(24.0, 18369.0)	(25.0, 27545.0)	(26.0, 45377.0)	(27.0, 74578.0)	(28.0, 114065.0)	(29.0, 165305.0)	(30.0, 224626.0)	(31.0, 299702.0)	(32.0, 391170.0)	(33.0, 538465.0)	(34.0, 815240.0)	(35.0, 1806489.0)	(36.0, 24708725.0)	(37.0, 9509845.0)				
CONTROL_1hr_5_2	(11.0, 1.0)	(12.0, 66.0)	(13.0, 352.0)	(14.0, 718.0)	(15.0, 1189.0)	(16.0, 2168.0)	(17.0, 3561.0)	(18.0, 5654.0)	(19.0, 8477.0)	(20.0, 12696.0)	(21.0, 19567.0)	(22.0, 29027.0)	(23.0, 42281.0)	(24.0, 58659.0)	(25.0, 78694.0)	(26.0, 98232.0)	(27.0, 126442.0)	(28.0, 156088.0)	(29.0, 200511.0)	(30.0, 253946.0)	(31.0, 331078.0)	(32.0, 449915.0)	(33.0, 685786.0)	(34.0, 1213438.0)	(35.0, 3557064.0)	(36.0, 26193357.0)	(37.0, 5240715.0)
CONTROL_24hr_1_1	(14.0, 1.0)	(15.0, 4.0)	(16.0, 55.0)	(17.0, 339.0)	(18.0, 681.0)	(19.0, 980.0)	(20.0, 1962.0)	(21.0, 5133.0)	(22.0, 11910.0)	(23.0, 18528.0)	(24.0, 16978.0)	(25.0, 20302.0)	(26.0, 32423.0)	(27.0, 54863.0)	(28.0, 83869.0)	(29.0, 119263.0)	(30.0, 160236.0)	(31.0, 215518.0)	(32.0, 279715.0)	(33.0, 397685.0)	(34.0, 593645.0)	(35.0, 1220524.0)	(36.0, 17516589.0)	(37.0, 8086959.0)			
CONTROL_24hr_1_2	(11.0, 8.0)	(12.0, 72.0)	(13.0, 445.0)	(14.0, 871.0)	(15.0, 1187.0)	(16.0, 1753.0)	(17.0, 2672.0)	(18.0, 4049.0)	(19.0, 6358.0)	(20.0, 9330.0)	(21.0, 13993.0)	(22.0, 19821.0)	(23.0, 28823.0)	(24.0, 41428.0)	(25.0, 53770.0)	(26.0, 62651.0)	(27.0, 77804.0)	(28.0, 96655.0)	(29.0, 123586.0)	(30.0, 158277.0)	(31.0, 208805.0)	(32.0, 284744.0)	(33.0, 435412.0)	(34.0, 793201.0)	(35.0, 2462452.0)	(36.0, 19508147.0)	(37.0, 4441848.0)
CONTROL_24hr_2_1	(15.0, 15.0)	(16.0, 94.0)	(17.0, 516.0)	(18.0, 1312.0)	(19.0, 1927.0)	(20.0, 3533.0)	(21.0, 8841.0)	(22.0, 22630.0)	(23.0, 35446.0)	(24.0, 25017.0)	(25.0, 24994.0)	(26.0, 40087.0)	(27.0, 66175.0)	(28.0, 100158.0)	(29.0, 138781.0)	(30.0, 184818.0)	(31.0, 243087.0)	(32.0, 311284.0)	(33.0, 419351.0)	(34.0, 623931.0)	(35.0, 1375463.0)	(36.0, 21422053.0)	(37.0, 9008520.0)				
CONTROL_24hr_2_2	(11.0, 1.0)	(12.0, 74.0)	(13.0, 411.0)	(14.0, 763.0)	(15.0, 1101.0)	(16.0, 1598.0)	(17.0, 2354.0)	(18.0, 3543.0)	(19.0, 5490.0)	(20.0, 8718.0)	(21.0, 13389.0)	(22.0, 19976.0)	(23.0, 29943.0)	(24.0, 44070.0)	(25.0, 58305.0)	(26.0, 70729.0)	(27.0, 89535.0)	(28.0, 110737.0)	(29.0, 142252.0)	(30.0, 182351.0)	(31.0, 239486.0)	(32.0, 327080.0)	(33.0, 497417.0)	(34.0, 885569.0)	(35.0, 2804572.0)	(36.0, 23559649.0)	(37.0, 4958920.0)
CONTROL_24hr_3_1	(14.0, 2.0)	(15.0, 10.0)	(16.0, 84.0)	(17.0, 337.0)	(18.0, 744.0)	(19.0, 1300.0)	(20.0, 2680.0)	(21.0, 6313.0)	(22.0, 15744.0)	(23.0, 23903.0)	(24.0, 19632.0)	(25.0, 23319.0)	(26.0, 37581.0)	(27.0, 62768.0)	(28.0, 96819.0)	(29.0, 138445.0)	(30.0, 188243.0)	(31.0, 249257.0)	(32.0, 337103.0)	(33.0, 448701.0)	(34.0, 643737.0)	(35.0, 1467010.0)	(36.0, 21360498.0)	(37.0, 8487206.0)			
CONTROL_24hr_3_2	(11.0, 1.0)	(12.0, 68.0)	(13.0, 375.0)	(14.0, 633.0)	(15.0, 898.0)	(16.0, 1335.0)	(17.0, 2112.0)	(18.0, 3356.0)	(19.0, 5253.0)	(20.0, 8013.0)	(21.0, 12299.0)	(22.0, 17855.0)	(23.0, 26749.0)	(24.0, 37753.0)	(25.0, 50985.0)	(26.0, 62649.0)	(27.0, 78736.0)	(28.0, 98055.0)	(29.0, 127048.0)	(30.0, 163460.0)	(31.0, 215971.0)	(32.0, 301477.0)	(33.0, 471034.0)	(34.0, 888209.0)	(35.0, 2996458.0)	(36.0, 23410759.0)	(37.0, 4629895.0)
CONTROL_24hr_4_1	(14.0, 3.0)	(15.0, 13.0)	(16.0, 84.0)	(17.0, 302.0)	(18.0, 551.0)	(19.0, 856.0)	(20.0, 2014.0)	(21.0, 5071.0)	(22.0, 11794.0)	(23.0, 18208.0)	(24.0, 21579.0)	(25.0, 33424.0)	(26.0, 54740.0)	(27.0, 87192.0)	(28.0, 127690.0)	(29.0, 179589.0)	(30.0, 238955.0)	(31.0, 314628.0)	(32.0, 405234.0)	(33.0, 550575.0)	(34.0, 825468.0)	(35.0, 1813122.0)	(36.0, 26491025.0)	(37.0, 11724447.0)			
CONTROL_24hr_4_2	(11.0, 6.0)	(12.0, 116.0)	(13.0, 607.0)	(14.0, 1120.0)	(15.0, 1626.0)	(16.0, 2462.0)	(17.0, 3954.0)	(18.0, 6202.0)	(19.0, 9316.0)	(20.0, 14305.0)	(21.0, 21880.0)	(22.0, 32462.0)	(23.0, 48041.0)	(24.0, 67053.0)	(25.0, 87713.0)	(26.0, 107175.0)	(27.0, 133720.0)	(28.0, 163030.0)	(29.0, 207303.0)	(30.0, 263326.0)	(31.0, 344784.0)	(32.0, 470144.0)	(33.0, 719219.0)	(34.0, 1300821.0)	(35.0, 4061805.0)	(36.0, 29186696.0)	(37.0, 5651678.0)
CONTROL_24hr_5_1	(14.0, 5.0)	(15.0, 2.0)	(16.0, 53.0)	(17.0, 194.0)	(18.0, 399.0)	(19.0, 621.0)	(20.0, 1409.0)	(21.0, 3975.0)	(22.0, 9602.0)	(23.0, 13705.0)	(24.0, 11274.0)	(25.0, 14765.0)	(26.0, 25361.0)	(27.0, 42779.0)	(28.0, 66131.0)	(29.0, 96124.0)	(30.0, 132113.0)	(31.0, 174136.0)	(32.0, 224501.0)	(33.0, 307105.0)	(34.0, 468717.0)	(35.0, 1034292.0)	(36.0, 15624003.0)	(37.0, 6938178.0)			
CONTROL_24hr_5_2	(11.0, 2.0)	(12.0, 49.0)	(13.0, 297.0)	(14.0, 486.0)	(15.0, 674.0)	(16.0, 942.0)	(17.0, 1541.0)	(18.0, 2487.0)	(19.0, 3662.0)	(20.0, 5988.0)	(21.0, 9546.0)	(22.0, 14295.0)	(23.0, 21323.0)	(24.0, 30340.0)	(25.0, 40586.0)	(26.0, 50393.0)	(27.0, 64420.0)	(28.0, 80793.0)	(29.0, 103670.0)	(30.0, 134254.0)	(31.0, 180210.0)	(32.0, 250694.0)	(33.0, 392657.0)	(34.0, 749909.0)	(35.0, 2434127.0)	(36.0, 17144702.0)	(37.0, 3471397.0)
LIF_1hr_1_1	(15.0, 5.0)	(16.0, 68.0)	(17.0, 230.0)	(18.0, 542.0)	(19.0, 917.0)	(20.0, 1870.0)	(21.0, 4459.0)	(22.0, 10008.0)	(23.0, 16493.0)	(24.0, 19800.0)	(25.0, 29919.0)	(26.0, 47590.0)	(27.0, 77607.0)	(28.0, 116915.0)	(29.0, 166550.0)	(30.0, 225156.0)	(31.0, 300660.0)	(32.0, 393315.0)	(33.0, 539192.0)	(34.0, 818390.0)	(35.0, 1805306.0)	(36.0, 24755226.0)	(37.0, 10144388.0)				
LIF_1hr_1_2	(12.0, 72.0)	(13.0, 522.0)	(14.0, 973.0)	(15.0, 1617.0)	(16.0, 2610.0)	(17.0, 4542.0)	(18.0, 7178.0)	(19.0, 10817.0)	(20.0, 15974.0)	(21.0, 23598.0)	(22.0, 33750.0)	(23.0, 48630.0)	(24.0, 67187.0)	(25.0, 87175.0)	(26.0, 107644.0)	(27.0, 136552.0)	(28.0, 169320.0)	(29.0, 215238.0)	(30.0, 269725.0)	(31.0, 349142.0)	(32.0, 474473.0)	(33.0, 723372.0)	(34.0, 1279237.0)	(35.0, 3773772.0)	(36.0, 26475659.0)	(37.0, 5195827.0)	
LIF_1hr_2_1	(14.0, 1.0)	(15.0, 12.0)	(16.0, 79.0)	(17.0, 242.0)	(18.0, 391.0)	(19.0, 733.0)	(20.0, 1599.0)	(21.0, 3763.0)	(22.0, 8051.0)	(23.0, 12306.0)	(24.0, 12890.0)	(25.0, 17780.0)	(26.0, 29077.0)	(27.0, 47468.0)	(28.0, 71933.0)	(29.0, 103943.0)	(30.0, 139309.0)	(31.0, 183571.0)	(32.0, 233298.0)	(33.0, 319310.0)	(34.0, 512471.0)	(35.0, 1027187.0)	(36.0, 16106158.0)	(37.0, 7999575.0)			
LIF_1hr_2_2	(11.0, 3.0)	(12.0, 50.0)	(13.0, 307.0)	(14.0, 618.0)	(15.0, 899.0)	(16.0, 1405.0)	(17.0, 2143.0)	(18.0, 3358.0)	(19.0, 5247.0)	(20.0, 7946.0)	(21.0, 11925.0)	(22.0, 17306.0)	(23.0, 27190.0)	(24.0, 42565.0)	(25.0, 51905.0)	(26.0, 58608.0)	(27.0, 71580.0)	(28.0, 88134.0)	(29.0, 114697.0)	(30.0, 146609.0)	(31.0, 191264.0)	(32.0, 257968.0)	(33.0, 380146.0)	(34.0, 621218.0)	(35.0, 1795890.0)	(36.0, 18171580.0)	(37.0, 4760586.0)
LIF_1hr_3_1	(15.0, 17.0)	(16.0, 96.0)	(17.0, 292.0)	(18.0, 522.0)	(19.0, 1025.0)	(20.0, 2327.0)	(21.0, 6602.0)	(22.0, 15147.0)	(23.0, 19375.0)	(24.0, 17851.0)	(25.0, 25483.0)	(26.0, 41239.0)	(27.0, 67769.0)	(28.0, 103042.0)	(29.0, 145516.0)	(30.0, 194499.0)	(31.0, 254172.0)	(32.0, 326294.0)	(33.0, 438348.0)	(34.0, 652229.0)	(35.0, 1407864.0)	(36.0, 20950672.0)	(37.0, 9577609.0)				
LIF_1hr_3_2	(11.0, 1.0)	(12.0, 56.0)	(13.0, 339.0)	(14.0, 647.0)	(15.0, 1025.0)	(16.0, 1641.0)	(17.0, 2626.0)	(18.0, 3932.0)	(19.0, 6187.0)	(20.0, 9366.0)	(21.0, 14341.0)	(22.0, 21769.0)	(23.0, 32249.0)	(24.0, 46865.0)	(25.0, 61953.0)	(26.0, 77391.0)	(27.0, 99333.0)	(28.0, 121351.0)	(29.0, 155868.0)	(30.0, 196774.0)	(31.0, 252119.0)	(32.0, 338443.0)	(33.0, 506785.0)	(34.0, 866977.0)	(35.0, 2613808.0)	(36.0, 23621022.0)	(37.0, 5195122.0)
LIF_1hr_4_1	(15.0, 10.0)	(16.0, 76.0)	(17.0, 385.0)	(18.0, 640.0)	(19.0, 1029.0)	(20.0, 2134.0)	(21.0, 5551.0)	(22.0, 13018.0)	(23.0, 20684.0)	(24.0, 21290.0)	(25.0, 29243.0)	(26.0, 46610.0)	(27.0, 76507.0)	(28.0, 116467.0)	(29.0, 163899.0)	(30.0, 218072.0)	(31.0, 290800.0)	(32.0, 376514.0)	(33.0, 510514.0)	(34.0, 764104.0)	(35.0, 1695999.0)	(36.0, 23907782.0)	(37.0, 9646040.0)				
LIF_1hr_4_2	(11.0, 4.0)	(12.0, 84.0)	(13.0, 485.0)	(14.0, 826.0)	(15.0, 1279.0)	(16.0, 2018.0)	(17.0, 3337.0)	(18.0, 5231.0)	(19.0, 7986.0)	(20.0, 11899.0)	(21.0, 18206.0)	(22.0, 27018.0)	(23.0, 39765.0)	(24.0, 55477.0)	(25.0, 73804.0)	(26.0, 91018.0)	(27.0, 115803.0)	(28.0, 144293.0)	(29.0, 185310.0)	(30.0, 234459.0)	(31.0, 303921.0)	(32.0, 414243.0)	(33.0, 626180.0)	(34.0, 1106170.0)	(35.0, 3358962.0)	(36.0, 25799770.0)	(37.0, 5279820.0)
LIF_1hr_5_1	(15.0, 11.0)	(16.0, 151.0)	(17.0, 821.0)	(18.0, 1473.0)	(19.0, 1675.0)	(20.0, 2918.0)	(21.0, 7434.0)	(22.0, 18643.0)	(23.0, 29515.0)	(24.0, 27729.0)	(25.0, 35238.0)	(26.0, 58315.0)	(27.0, 97488.0)	(28.0, 149705.0)	(29.0, 213418.0)	(30.0, 287612.0)	(31.0, 381057.0)	(32.0, 493436.0)	(33.0, 668807.0)	(34.0, 1001095.0)	(35.0, 2262925.0)	(36.0, 32242385.0)	(37.0, 13052912.0)				
LIF_1hr_5_2	(11.0, 2.0)	(12.0, 89.0)	(13.0, 511.0)	(14.0, 931.0)	(15.0, 1459.0)	(16.0, 2314.0)	(17.0, 3847.0)	(18.0, 5935.0)	(19.0, 9337.0)	(20.0, 14722.0)	(21.0, 23079.0)	(22.0, 33740.0)	(23.0, 50101.0)	(24.0, 69821.0)	(25.0, 91851.0)	(26.0, 114714.0)	(27.0, 145869.0)	(28.0, 181628.0)	(29.0, 231185.0)	(30.0, 295683.0)	(31.0, 388834.0)	(32.0, 534314.0)	(33.0, 828592.0)	(34.0, 1541100.0)	(35.0, 4950783.0)	(36.0, 34779405.0)	(37.0, 6734917.0)
LIF_24hr_1_1	(14.0, 1.0)	(15.0, 12.0)	(16.0, 85.0)	(17.0, 352.0)	(18.0, 613.0)	(19.0, 923.0)	(20.0, 1920.0)	(21.0, 4968.0)	(22.0, 12555.0)	(23.0, 19463.0)	(24.0, 16939.0)	(25.0, 20773.0)	(26.0, 32647.0)	(27.0, 54376.0)	(28.0, 84512.0)	(29.0, 122282.0)	(30.0, 166829.0)	(31.0, 222950.0)	(32.0, 291097.0)	(33.0, 397159.0)	(34.0, 597172.0)	(35.0, 1328534.0)	(36.0, 19761309.0)	(37.0, 8466267.0)			
LIF_24hr_1_2	(11.0, 2.0)	(12.0, 76.0)	(13.0, 338.0)	(14.0, 691.0)	(15.0, 1068.0)	(16.0, 1467.0)	(17.0, 2308.0)	(18.0, 3746.0)	(19.0, 5658.0)	(20.0, 8793.0)	(21.0, 13883.0)	(22.0, 20199.0)	(23.0, 29159.0)	(24.0, 40531.0)	(25.0, 52511.0)	(26.0, 65289.0)	(27.0, 84677.0)	(28.0, 107107.0)	(29.0, 138540.0)	(30.0, 177143.0)	(31.0, 236641.0)	(32.0, 325858.0)	(33.0, 501225.0)	(34.0, 918333.0)	(35.0, 2896984.0)	(36.0, 21732500.0)	(37.0, 4239011.0)
LIF_24hr_2_1	(15.0, 8.0)	(16.0, 48.0)	(17.0, 236.0)	(18.0, 463.0)	(19.0, 848.0)	(20.0, 1751.0)	(21.0, 4589.0)	(22.0, 11467.0)	(23.0, 16560.0)	(24.0, 13944.0)	(25.0, 17274.0)	(26.0, 28940.0)	(27.0, 49391.0)	(28.0, 75911.0)	(29.0, 108934.0)	(30.0, 146962.0)	(31.0, 193116.0)	(32.0, 249476.0)	(33.0, 335909.0)	(34.0, 509600.0)	(35.0, 1100277.0)	(36.0, 15927452.0)	(37.0, 7534633.0)				
LIF_24hr_2_2	(11.0, 3.0)	(12.0, 59.0)	(13.0, 389.0)	(14.0, 634.0)	(15.0, 877.0)	(16.0, 1225.0)	(17.0, 1912.0)	(18.0, 2838.0)	(19.0, 4383.0)	(20.0, 6770.0)	(21.0, 10800.0)	(22.0, 15815.0)	(23.0, 23251.0)	(24.0, 33394.0)	(25.0, 44114.0)	(26.0, 53978.0)	(27.0, 68935.0)	(28.0, 86619.0)	(29.0, 111485.0)	(30.0, 143054.0)	(31.0, 189279.0)	(32.0, 261548.0)	(33.0, 402648.0)	(34.0, 736562.0)	(35.0, 2381549.0)	(36.0, 18124872.0)	(37.0, 3620796.0)
LIF_24hr_3_1	(14.0, 1.0)	(15.0, 30.0)	(16.0, 213.0)	(17.0, 664.0)	(18.0, 1094.0)	(19.0, 1779.0)	(20.0, 4005.0)	(21.0, 11826.0)	(22.0, 28043.0)	(23.0, 32039.0)	(24.0, 22911.0)	(25.0, 24787.0)	(26.0, 36589.0)	(27.0, 60172.0)	(28.0, 91886.0)	(29.0, 131800.0)	(30.0, 179496.0)	(31.0, 235701.0)	(32.0, 304516.0)	(33.0, 407005.0)	(34.0, 605552.0)	(35.0, 1321237.0)	(36.0, 19627626.0)	(37.0, 8328665.0)			
LIF_24hr_3_2	(11.0, 1.0)	(12.0, 39.0)	(13.0, 310.0)	(14.0, 593.0)	(15.0, 905.0)	(16.0, 1339.0)	(17.0, 2140.0)	(18.0, 3415.0)	(19.0, 5232.0)	(20.0, 8111.0)	(21.0, 12444.0)	(22.0, 18389.0)	(23.0, 27598.0)	(24.0, 40838.0)	(25.0, 53555.0)	(26.0, 64150.0)	(27.0, 80535.0)	(28.0, 99113.0)	(29.0, 127615.0)	(30.0, 162325.0)	(31.0, 212129.0)	(32.0, 289201.0)	(33.0, 436457.0)	(34.0, 766605.0)	(35.0, 2399027.0)	(36.0, 21707903.0)	(37.0, 4937668.0)
LIF_24hr_4_1	(15.0, 8.0)	(16.0, 27.0)	(17.0, 123.0)	(18.0, 264.0)	(19.0, 565.0)	(20.0, 1164.0)	(21.0, 2817.0)	(22.0, 6217.0)	(23.0, 11868.0)	(24.0, 20464.0)	(25.0, 35834.0)	(26.0, 59442.0)	(27.0, 94720.0)	(28.0, 139738.0)	(29.0, 197828.0)	(30.0, 265030.0)	(31.0, 347541.0)	(32.0, 447219.0)	(33.0, 611989.0)	(34.0, 925419.0)	(35.0, 2088714.0)	(36.0, 28292822.0)	(37.0, 10137342.0)				
LIF_24hr_4_2	(11.0, 3.0)	(12.0, 87.0)	(13.0, 416.0)	(14.0, 804.0)	(15.0, 1181.0)	(16.0, 1957.0)	(17.0, 3462.0)	(18.0, 5631.0)	(19.0, 8986.0)	(20.0, 13783.0)	(21.0, 21023.0)	(22.0, 30791.0)	(23.0, 44055.0)	(24.0, 60883.0)	(25.0, 80064.0)	(26.0, 101231.0)	(27.0, 128767.0)	(28.0, 160686.0)	(29.0, 205437.0)	(30.0, 262002.0)	(31.0, 348471.0)	(32.0, 474960.0)	(33.0, 734011.0)	(34.0, 1360788.0)	(35.0, 4356796.0)	(36.0, 30409080.0)	(37.0, 4871800.0)
LIF_24hr_5_1	(14.0, 2.0)	(15.0, 8.0)	(16.0, 45.0)	(17.0, 133.0)	(18.0, 264.0)	(19.0, 571.0)	(20.0, 1295.0)	(21.0, 3806.0)	(22.0, 9163.0)	(23.0, 12090.0)	(24.0, 11339.0)	(25.0, 16319.0)	(26.0, 26761.0)	(27.0, 43505.0)	(28.0, 63753.0)	(29.0, 88846.0)	(30.0, 118054.0)	(31.0, 155884.0)	(32.0, 230937.0)	(33.0, 283918.0)	(34.0, 411501.0)	(35.0, 964527.0)	(36.0, 14251649.0)	(37.0, 5013056.0)			
LIF_24hr_5_2	(11.0, 1.0)	(12.0, 82.0)	(13.0, 378.0)	(14.0, 596.0)	(15.0, 722.0)	(16.0, 995.0)	(17.0, 1453.0)	(18.0, 2220.0)	(19.0, 3569.0)	(20.0, 5881.0)	(21.0, 9326.0)	(22.0, 13767.0)	(23.0, 20668.0)	(24.0, 29585.0)	(25.0, 39503.0)	(26.0, 46369.0)	(27.0, 54854.0)	(28.0, 66090.0)	(29.0, 84219.0)	(30.0, 107522.0)	(31.0, 143212.0)	(32.0, 200503.0)	(33.0, 312071.0)	(34.0, 586154.0)	(35.0, 1906059.0)	(36.0, 14797818.0)	(37.0, 3273809.0)
control_1hr_3_1	(14.0, 2.0)	(15.0, 16.0)	(16.0, 73.0)	(17.0, 329.0)	(18.0, 606.0)	(19.0, 1008.0)	(20.0, 2084.0)	(21.0, 5851.0)	(22.0, 14648.0)	(23.0, 20612.0)	(24.0, 18696.0)	(25.0, 24787.0)	(26.0, 38760.0)	(27.0, 64753.0)	(28.0, 98934.0)	(29.0, 141238.0)	(30.0, 191563.0)	(31.0, 255360.0)	(32.0, 334887.0)	(33.0, 457453.0)	(34.0, 694547.0)	(35.0, 1518670.0)	(36.0, 21928203.0)	(37.0, 8380603.0)			
control_1hr_3_2	(11.0, 6.0)	(12.0, 64.0)	(13.0, 362.0)	(14.0, 706.0)	(15.0, 1212.0)	(16.0, 1842.0)	(17.0, 3004.0)	(18.0, 4669.0)	(19.0, 7064.0)	(20.0, 10982.0)	(21.0, 16486.0)	(22.0, 24329.0)	(23.0, 35372.0)	(24.0, 49546.0)	(25.0, 64663.0)	(26.0, 80026.0)	(27.0, 102955.0)	(28.0, 127689.0)	(29.0, 164828.0)	(30.0, 207862.0)	(31.0, 270296.0)	(32.0, 367420.0)	(33.0, 554920.0)	(34.0, 969291.0)	(35.0, 2888600.0)	(36.0, 23427435.0)	(37.0, 4812054.0)
