Sample	5.0	10.0	15.0	20.0	25.0	30.0	35.0	40.0	45.0	50.0	55.0	60.0	65.0	70.0	75.0	80.0	85.0	90.0	95.0	100.0
CONTROL_0hr_1	35908.0	53572.0	65278.0	73741.0	80054.0	85024.0	89090.0	92446.0	95357.0	97728.0	99778.0	101606.0	103278.0	104638.0	105922.0	107056.0	108066.0	108943.0	109747.0	110445.0
CONTROL_0hr_2	11135.0	19006.0	25454.0	30818.0	35273.0	39323.0	42787.0	45966.0	48699.0	51143.0	53446.0	55437.0	57317.0	58949.0	60457.0	61848.0	63053.0	64225.0	65249.0	66194.0
CONTROL_0hr_3	28257.0	43990.0	54987.0	63383.0	69813.0	75016.0	79372.0	83115.0	86219.0	88983.0	91248.0	93243.0	94950.0	96375.0	97741.0	98882.0	99951.0	100832.0	101650.0	102414.0
CONTROL_0hr_4	45450.0	66420.0	79384.0	88239.0	94826.0	99778.0	103839.0	107166.0	109862.0	112118.0	114046.0	115678.0	117169.0	118428.0	119561.0	120552.0	121379.0	122066.0	122668.0	123222.0
CONTROL_0hr_5	55074.0	76417.0	88439.0	96604.0	102149.0	106467.0	109870.0	112572.0	114848.0	116791.0	118373.0	119659.0	120902.0	121995.0	122884.0	123649.0	124334.0	124922.0	125453.0	125908.0
CONTROL_1hr_1	63759.0	85140.0	96413.0	103608.0	108661.0	112269.0	115181.0	117449.0	119351.0	120894.0	122235.0	123396.0	124379.0	125269.0	126069.0	126809.0	127436.0	128041.0	128544.0	128961.0
CONTROL_1hr_2	33692.0	51186.0	62934.0	71816.0	78508.0	83873.0	88268.0	91827.0	94837.0	97386.0	99721.0	101732.0	103419.0	104949.0	106338.0	107538.0	108598.0	109549.0	110363.0	111143.0
CONTROL_1hr_4	97012.0	114601.0	122845.0	127634.0	130998.0	133382.0	135285.0	136703.0	137969.0	139044.0	139942.0	140677.0	141389.0	141993.0	142530.0	142966.0	143391.0	143782.0	144119.0	144408.0
CONTROL_1hr_5	61713.0	83879.0	96318.0	104152.0	109693.0	113845.0	117189.0	119765.0	121842.0	123612.0	125061.0	126249.0	127352.0	128258.0	129074.0	129847.0	130478.0	131038.0	131529.0	131952.0
CONTROL_24hr_1	40928.0	59720.0	71687.0	80089.0	86562.0	91449.0	95479.0	98716.0	101465.0	103902.0	105883.0	107585.0	109177.0	110567.0	111784.0	112795.0	113691.0	114546.0	115299.0	115979.0
CONTROL_24hr_2	50444.0	71467.0	84175.0	92853.0	99183.0	104154.0	107949.0	111124.0	113733.0	115866.0	117720.0	119352.0	120764.0	121909.0	122968.0	123888.0	124717.0	125444.0	126084.0	126674.0
CONTROL_24hr_3	45784.0	65579.0	77824.0	86306.0	92632.0	97600.0	101554.0	104790.0	107562.0	109886.0	111904.0	113604.0	115048.0	116388.0	117550.0	118555.0	119439.0	120195.0	120874.0	121470.0
CONTROL_24hr_4	69682.0	90015.0	100876.0	107640.0	112372.0	116002.0	118796.0	121075.0	122816.0	124414.0	125837.0	126949.0	127948.0	128822.0	129537.0	130198.0	130766.0	131257.0	131718.0	132086.0
CONTROL_24hr_5	31503.0	47903.0	58829.0	66978.0	73415.0	78433.0	82536.0	86030.0	89040.0	91500.0	93753.0	95717.0	97476.0	98921.0	100273.0	101476.0	102542.0	103483.0	104319.0	105062.0
LIF_1hr_1	53408.0	75171.0	87674.0	96083.0	102208.0	106827.0	110354.0	113280.0	115669.0	117637.0	119283.0	120745.0	121973.0	123098.0	124071.0	124927.0	125643.0	126309.0	126898.0	127440.0
LIF_1hr_2	26375.0	41224.0	51657.0	59474.0	65569.0	70527.0	74737.0	78232.0	81119.0	83753.0	86008.0	88013.0	89722.0	91238.0	92533.0	93749.0	94815.0	95745.0	96515.0	97284.0
LIF_1hr_3	51626.0	73338.0	86117.0	94656.0	100815.0	105594.0	109245.0	112245.0	114653.0	116730.0	118442.0	119948.0	121260.0	122414.0	123445.0	124289.0	125064.0	125729.0	126356.0	126837.0
LIF_1hr_4	67599.0	89185.0	100747.0	107904.0	112913.0	116737.0	119691.0	122037.0	124033.0	125553.0	126889.0	128079.0	129057.0	129904.0	130712.0	131401.0	131989.0	132540.0	132980.0	133351.0
LIF_1hr_5	55432.0	76275.0	88415.0	96554.0	102297.0	106733.0	110265.0	113056.0	115325.0	117311.0	118939.0	120356.0	121553.0	122635.0	123580.0	124429.0	125244.0	125912.0	126506.0	126986.0
LIF_24hr_1	43107.0	62123.0	73739.0	81876.0	87986.0	92785.0	96541.0	99752.0	102329.0	104567.0	106453.0	108130.0	109583.0	110883.0	111961.0	112986.0	113874.0	114691.0	115413.0	116028.0
LIF_24hr_2	46139.0	66562.0	79305.0	87927.0	94547.0	99535.0	103532.0	106882.0	109552.0	111735.0	113668.0	115319.0	116778.0	118019.0	119054.0	120022.0	120888.0	121616.0	122219.0	122769.0
LIF_24hr_3	23151.0	36360.0	45853.0	53237.0	59143.0	64001.0	68035.0	71571.0	74625.0	77262.0	79569.0	81552.0	83288.0	84903.0	86300.0	87537.0	88561.0	89494.0	90364.0	91105.0
LIF_24hr_4	80863.0	99559.0	109168.0	115254.0	119480.0	122619.0	125064.0	127028.0	128661.0	130086.0	131286.0	132303.0	133180.0	133936.0	134653.0	135201.0	135718.0	136176.0	136563.0	136924.0
LIF_24hr_5	27509.0	42503.0	52965.0	60726.0	66801.0	71828.0	75920.0	79479.0	82418.0	84883.0	87178.0	89150.0	90885.0	92417.0	93744.0	94986.0	96010.0	96942.0	97763.0	98532.0
control_1hr_3	61636.0	83046.0	94620.0	102234.0	107421.0	111370.0	114374.0	116770.0	118765.0	120403.0	121823.0	123009.0	124081.0	124962.0	125742.0	126447.0	127072.0	127574.0	128008.0	128397.0
