Sample	total_reads	avg_input_read_length	uniquely_mapped	uniquely_mapped_percent	avg_mapped_read_length	num_splices	num_annotated_splices	num_GTAG_splices	num_GCAG_splices	num_ATAC_splices	num_noncanonical_splices	mismatch_rate	deletion_rate	deletion_length	insertion_rate	insertion_length	multimapped	multimapped_percent	multimapped_toomany	multimapped_toomany_percent	unmapped_mismatches_percent	unmapped_tooshort_percent	unmapped_other_percent	unmapped_mismatches	unmapped_tooshort	unmapped_other	mapped_percent	mapped
CONTROL_0hr_1	22158953.0	275.0	10815381.0	48.81	278.12	7276561.0	7269533.0	7054915.0	206991.0	5359.0	9296.0	0.39	0.03	1.39	0.02	3.32	9411068.0	42.47	11879.0	0.05	0.0	8.46	0.21	0	1874105	46520	91.28	20226449.0
CONTROL_0hr_2	25921115.0	276.0	6728564.0	25.96	275.25	2338709.0	2334956.0	2073776.0	260436.0	1431.0	3066.0	0.79	0.05	1.44	0.03	2.63	17113060.0	66.02	81604.0	0.31	0.0	7.55	0.16	0	1956426	41461	91.97999999999999	23841624.0
CONTROL_0hr_3	31341820.0	276.0	10132787.0	32.33	275.4	4338679.0	4332223.0	3967901.0	363719.0	1691.0	5368.0	0.67	0.05	1.47	0.03	2.33	18378359.0	58.64	46118.0	0.15	0.0	8.64	0.24	0	2709298	75258	90.97	28511146.0
CONTROL_0hr_4	29192077.0	276.0	17292998.0	59.24	277.62	6877506.0	6869392.0	6662347.0	202429.0	4565.0	8165.0	0.31	0.03	2.02	0.02	1.83	8685734.0	29.75	19237.0	0.07	0.0	10.45	0.49	0	3051045	143063	88.99000000000001	25978732.0
CONTROL_0hr_5	35031278.0	278.0	14665720.0	41.86	277.8	8401045.0	8391794.0	8066656.0	318680.0	5994.0	9715.0	0.31	0.02	1.52	0.01	1.92	17905445.0	51.11	24999.0	0.07	0.0	6.75	0.2	0	2365039	70075	92.97	32571165.0
CONTROL_1hr_1	35167212.0	281.0	23023324.0	65.47	281.58	9640337.0	9630488.0	9463881.0	160368.0	6828.0	9260.0	0.35	0.05	2.32	0.03	2.09	8942916.0	25.43	32888.0	0.09	0.0	8.54	0.47	0	3002823	165261	90.9	31966240.0
CONTROL_1hr_2	21516964.0	274.0	9188322.0	42.7	275.7	5216878.0	5210987.0	5104834.0	102768.0	2983.0	6293.0	0.4	0.03	1.31	0.01	2.22	10793958.0	50.16	41385.0	0.19	0.0	6.75	0.19	0	1452416	40883	92.86	19982280.0
CONTROL_1hr_4	42403123.0	283.0	35637041.0	84.04	283.33	15111245.0	15092965.0	14845285.0	237013.0	11995.0	16952.0	0.24	0.04	2.52	0.02	2.14	3975792.0	9.38	33314.0	0.08	0.0	5.97	0.53	0	2532176	224800	93.42	39612833.0
CONTROL_1hr_5	38769682.0	280.0	23071917.0	59.51	279.87	8932249.0	8919762.0	8640863.0	275206.0	5451.0	10729.0	0.38	0.04	1.82	0.02	1.65	11837728.0	30.53	77849.0	0.2	0.0	9.32	0.43	0	3615384	166804	90.03999999999999	34909645.0
CONTROL_24hr_1	28838162.0	274.0	14194004.0	49.22	277.84	10550404.0	10539621.0	10285011.0	245664.0	6002.0	13727.0	0.29	0.02	1.43	0.01	1.98	12915924.0	44.79	36067.0	0.13	0.0	5.67	0.2	0	1634512	57655	94.00999999999999	27109928.0
CONTROL_24hr_2	34058033.0	276.0	14275261.0	41.91	277.1	9701813.0	9692377.0	9424173.0	258680.0	8392.0	10568.0	0.36	0.03	1.34	0.01	2.58	17204192.0	50.51	59447.0	0.17	0.0	7.25	0.15	0	2468069	51064	92.41999999999999	31479453.0
CONTROL_24hr_3	33611436.0	277.0	16804749.0	50.0	278.45	10824434.0	10814572.0	10595264.0	198482.0	17858.0	12830.0	0.27	0.02	1.47	0.01	1.68	14602360.0	43.44	31457.0	0.09	0.0	6.26	0.2	0	2105598	67272	93.44	31407109.0
CONTROL_24hr_4	42906564.0	275.0	24057665.0	56.07	275.35	11361050.0	11346803.0	11098919.0	241788.0	7625.0	12718.0	0.32	0.03	1.83	0.02	2.19	15885179.0	37.02	180610.0	0.42	0.0	6.2	0.29	0	2658749	124361	93.09	39942844.0
CONTROL_24hr_5	25189444.0	272.0	10055228.0	39.92	273.87	6553054.0	6546386.0	6269695.0	271450.0	4478.0	7431.0	0.28	0.02	1.43	0.01	1.45	14167447.0	56.24	38392.0	0.15	0.0	3.57	0.11	0	900627	27750	96.16	24222675.0
LIF_1hr_1	39474606.0	277.0	23902671.0	60.55	278.51	8890039.0	8879910.0	8717669.0	156938.0	5306.0	10126.0	0.42	0.05	2.1	0.02	2.01	10735190.0	27.2	71332.0	0.18	0.0	11.51	0.56	0	4544317	221096	87.75	34637861.0
LIF_1hr_2	26831147.0	272.0	9585760.0	35.73	271.64	6487281.0	6481308.0	6144364.0	332480.0	3234.0	7203.0	0.49	0.03	1.3	0.02	2.67	14832581.0	55.28	39825.0	0.15	0.0	8.64	0.21	0	2316673	56308	91.00999999999999	24418341.0
LIF_1hr_3	34247990.0	277.0	16034136.0	46.82	277.65	6984442.0	6974953.0	6800250.0	171667.0	4097.0	8428.0	0.48	0.04	1.56	0.02	2.15	14923624.0	43.58	58285.0	0.17	0.0	9.18	0.26	0	3142930	89015	90.4	30957760.0
LIF_1hr_4	37907368.0	277.0	21775802.0	57.44	277.97	12033093.0	12019521.0	11717080.0	295470.0	7554.0	12989.0	0.32	0.03	1.75	0.02	2.02	12396874.0	32.7	125684.0	0.33	0.0	9.18	0.35	0	3476463	132545	90.14	34172676.0
LIF_1hr_5	51034763.0	277.0	28113877.0	55.09	278.88	16831574.0	16815468.0	16403620.0	398572.0	10903.0	18479.0	0.29	0.02	1.59	0.01	1.56	19015216.0	37.26	95041.0	0.19	0.0	7.23	0.23	0	3693143	117486	92.35	47129093.0
LIF_24hr_1	31603738.0	277.0	16288294.0	51.54	278.82	8758110.0	8748340.0	8583579.0	154155.0	9831.0	10545.0	0.33	0.03	1.88	0.02	2.03	13347132.0	42.23	24248.0	0.08	0.0	5.92	0.23	0	1871359	72705	93.77	29635426.0
LIF_24hr_2	26327789.0	275.0	11466467.0	43.55	275.76	7294814.0	7287283.0	7144932.0	136719.0	4196.0	8967.0	0.35	0.03	1.4	0.01	2.04	13157942.0	49.98	27793.0	0.11	0.0	6.21	0.15	0	1636068	39519	93.53	24624409.0
LIF_24hr_3	31457637.0	274.0	12545057.0	39.88	274.58	6473639.0	6465733.0	6243294.0	199652.0	22091.0	8602.0	0.48	0.04	1.54	0.02	1.77	15851283.0	50.39	19138.0	0.06	0.0	9.44	0.23	0	2969802	72357	90.27000000000001	28396340.0
LIF_24hr_4	43687155.0	279.0	35408221.0	81.05	279.21	15044631.0	15023799.0	14660718.0	358228.0	9661.0	16024.0	0.21	0.03	2.22	0.01	1.83	6869393.0	15.72	45889.0	0.11	0.0	2.78	0.34	0	1215049	148603	96.77	42277614.0
LIF_24hr_5	21707426.0	272.0	9675809.0	44.57	275.03	6861818.0	6855050.0	6613909.0	233954.0	4491.0	9464.0	0.28	0.02	1.52	0.01	1.41	10360112.0	47.73	33519.0	0.15	0.0	7.42	0.12	0	1611917	26069	92.3	20035921.0
control_1hr_3	34193683.0	278.0	18049788.0	52.79	277.87	8408646.0	8398099.0	8078438.0	315496.0	5470.0	9242.0	0.42	0.05	1.79	0.02	1.72	11705226.0	34.23	19698.0	0.06	0.0	12.5	0.43	0	4272014	146957	87.02	29755014.0
