Sample	raw_total_sequences	filtered_sequences	sequences	is_sorted	1st_fragments	last_fragments	reads_mapped	reads_mapped_and_paired	reads_unmapped	reads_properly_paired	reads_paired	reads_duplicated	reads_MQ0	reads_QC_failed	non-primary_alignments	supplementary_alignments	total_length	total_first_fragment_length	total_last_fragment_length	bases_mapped	bases_mapped_(cigar)	bases_trimmed	bases_duplicated	mismatches	error_rate	average_length	average_first_fragment_length	average_last_fragment_length	maximum_length	maximum_first_fragment_length	maximum_last_fragment_length	average_quality	insert_size_average	insert_size_standard_deviation	inward_oriented_pairs	outward_oriented_pairs	pairs_with_other_orientation	pairs_on_different_chromosomes	percentage_of_properly_paired_reads_(%)	reads_mapped_percent	reads_mapped_and_paired_percent	reads_unmapped_percent	reads_properly_paired_percent	reads_paired_percent	reads_duplicated_percent	reads_MQ0_percent	reads_QC_failed_percent
CONTROL_0hr_1	40448027.0	0.0	40448027.0	1.0	20226261.0	20221766.0	40448027.0	40443156.0	0.0	40443156.0	40448027.0	36502663.0	124782.0	0.0	23174446.0	0.0	5615520949.0	2809151410.0	2806369539.0	5615520949.0	5593998912.0	0.0	5065319997.0	20256779.0	0.003621163	139.0	139.0	139.0	151.0	151.0	151.0	36.4	645.9	1560.6	14075965.0	6145613.0	0.0	0.0	100.0	100.0	99.98795738541216	0.0	99.98795738541216	100.0	90.24584314087805	0.3084995962843874	0.0
CONTROL_0hr_2	47679376.0	0.0	47679376.0	1.0	23841502.0	23837874.0	47679376.0	47675504.0	0.0	47675504.0	47679376.0	45932357.0	992204.0	0.0	50033157.0	0.0	6632013866.0	3317017799.0	3314996067.0	6632013866.0	6611806650.0	0.0	6392871294.0	25217745.0	0.003814047	139.0	139.0	139.0	151.0	151.0	151.0	36.4	648.6	1810.9	15662264.0	8175488.0	0.0	0.0	100.0	100.0	99.99187908835049	0.0	99.99187908835049	100.0	96.33590213093393	2.0809919995597257	0.0
CONTROL_0hr_3	57017801.0	0.0	57017801.0	1.0	28511003.0	28506798.0	57017801.0	57013310.0	0.0	57013310.0	57017801.0	0.0	970185.0	0.0	52093539.0	0.0	7917358860.0	3959996696.0	3957362164.0	7917358860.0	7891698494.0	0.0	0.0	31151660.0	0.003947396	139.0	139.0	139.0	151.0	151.0	151.0	36.4	818.3	2020.8	19024524.0	9482131.0	0.0	0.0	100.0	100.0	99.99212351244482	0.0	99.99212351244482	100.0	0.0	1.7015475570515253	0.0
CONTROL_0hr_4	51953509.0	0.0	51953509.0	1.0	25978409.0	25975100.0	51953509.0	51949554.0	0.0	51949554.0	51953509.0	0.0	253277.0	0.0	21579779.0	0.0	7206423169.0	3604306203.0	3602116966.0	7206423169.0	7184570743.0	0.0	0.0	22789001.0	0.003171936	139.0	139.0	139.0	151.0	151.0	151.0	36.4	538.4	1387.3	19116587.0	6858190.0	0.0	0.0	100.0	100.0	99.9923874246877	0.0	99.9923874246877	100.0	0.0	0.4875070132413963	0.0
CONTROL_0hr_5	65137768.0	0.0	65137768.0	1.0	32570990.0	32566778.0	65137768.0	65133206.0	0.0	65133206.0	65137768.0	56275025.0	469432.0	0.0	48808189.0	0.0	9082705381.0	4543026324.0	4539679057.0	9082705381.0	9057660365.0	0.0	7848897086.0	22159486.0	0.002446491	139.0	139.0	139.0	151.0	151.0	151.0	36.4	797.8	1903.6	22849458.0	9717145.0	0.0	0.0	100.0	100.0	99.99299638268232	0.0	99.99299638268232	100.0	86.39384911070334	0.7206755994463919	0.0
CONTROL_1hr_1	63925544.0	0.0	63925544.0	1.0	31965832.0	31959712.0	63925544.0	63918608.0	0.0	63918608.0	63925544.0	0.0	374321.0	0.0	24182093.0	0.0	8999404036.0	4501220777.0	4498183259.0	8999404036.0	8967215324.0	0.0	0.0	33145941.0	0.003696347	141.0	141.0	141.0	151.0	151.0	151.0	36.3	662.9	1609.6	24976014.0	6983290.0	0.0	0.0	100.0	100.0	99.98914987723843	0.0	99.98914987723843	100.0	0.0	0.5855577857890424	0.0
CONTROL_1hr_2	39961434.0	0.0	39961434.0	1.0	19982133.0	19979301.0	39961434.0	39958308.0	0.0	39958308.0	39961434.0	0.0	355795.0	0.0	30673101.0	0.0	5511385900.0	2756588231.0	2754797669.0	5511385900.0	5494408411.0	0.0	0.0	18332742.0	0.003336618	138.0	138.0	138.0	151.0	151.0	151.0	36.4	775.9	1913.9	13687697.0	6291457.0	0.0	0.0	100.0	100.0	99.99217745789602	0.0	99.99217745789602	100.0	0.0	0.8903459270255416	0.0
CONTROL_1hr_4	79216580.0	0.0	79216580.0	1.0	39612313.0	39604267.0	79216580.0	79207494.0	0.0	79207494.0	79216580.0	34858697.0	289806.0	0.0	11355401.0	0.0	11249794325.0	5627443157.0	5622351168.0	11249794325.0	11210596560.0	0.0	4957523641.0	33822415.0	0.003017004	142.0	142.0	142.0	151.0	151.0	151.0	36.3	630.2	1448.5	32425418.0	7178329.0	0.0	0.0	100.0	100.0	99.98853017890951	0.0	99.98853017890951	100.0	44.004294303036055	0.36584008044780525	0.0
CONTROL_1hr_5	69811801.0	0.0	69811801.0	1.0	34909330.0	34902471.0	69811801.0	69804312.0	0.0	69804312.0	69811801.0	53165975.0	377758.0	0.0	30709294.0	0.0	9790523845.0	4896942692.0	4893581153.0	9790523845.0	9756279518.0	0.0	7467755433.0	35189421.0	0.003606848	140.0	140.0	140.0	151.0	151.0	151.0	36.3	497.2	1285.1	26122354.0	8779802.0	0.0	0.0	100.0	100.0	99.98927258730942	0.0	99.98927258730942	100.0	76.15614299937627	0.5411090884190196	0.0
CONTROL_24hr_1	54214999.0	0.0	54214999.0	1.0	27109663.0	27105336.0	54214999.0	54210142.0	0.0	54210142.0	54214999.0	0.0	411384.0	0.0	33657994.0	0.0	7479383534.0	3741112685.0	3738270849.0	7479383534.0	7457301946.0	0.0	0.0	17190273.0	0.00230516	138.0	138.0	138.0	151.0	151.0	151.0	36.4	763.9	1774.4	18966494.0	8138577.0	0.0	0.0	100.0	100.0	99.99104122458805	0.0	99.99104122458805	100.0	0.0	0.7588010838107734	0.0
CONTROL_24hr_2	62954920.0	0.0	62954920.0	1.0	31479306.0	31475614.0	62954920.0	62950934.0	0.0	62950934.0	62954920.0	0.0	863937.0	0.0	54211984.0	0.0	8736581766.0	4369778895.0	4366802871.0	8736581766.0	8711610300.0	0.0	0.0	27319558.0	0.003135994	139.0	139.0	139.0	151.0	151.0	151.0	36.4	881.9	2058.4	21594653.0	9880814.0	0.0	0.0	100.0	100.0	99.99366848532252	0.0	99.99366848532252	100.0	0.0	1.372310535856451	0.0
CONTROL_24hr_3	62810252.0	0.0	62810252.0	1.0	31406962.0	31403290.0	62810252.0	62806286.0	0.0	62806286.0	62810252.0	0.0	475228.0	0.0	39514207.0	0.0	8747510283.0	4375024999.0	4372485284.0	8747510283.0	8724873070.0	0.0	0.0	20811014.0	0.002385251	139.0	139.0	139.0	151.0	151.0	151.0	36.4	708.8	1718.2	22523805.0	8879338.0	0.0	0.0	100.0	100.0	99.993685744168	0.0	99.993685744168	100.0	0.0	0.7566089688670569	0.0
CONTROL_24hr_4	79878182.0	0.0	79878182.0	1.0	39942465.0	39935717.0	79878182.0	79870676.0	0.0	79870676.0	79878182.0	60718438.0	1015616.0	0.0	49943592.0	0.0	11031049931.0	5517406556.0	5513643375.0	11031049931.0	10995765007.0	0.0	8384441556.0	31399769.0	0.002855624	138.0	138.0	138.0	151.0	151.0	151.0	36.3	654.1	1660.4	28442071.0	11493267.0	0.0	0.0	100.0	100.0	99.99060319124439	0.0	99.99060319124439	100.0	76.01379560691554	1.271456077956306	0.0
CONTROL_24hr_5	48443164.0	0.0	48443164.0	1.0	24222555.0	24220609.0	48443164.0	48440978.0	0.0	48440978.0	48443164.0	44052340.0	686930.0	0.0	40133900.0	0.0	6610856076.0	3306295212.0	3304560864.0	6610856076.0	6594113294.0	0.0	6005700260.0	14367836.0	0.002178888	136.0	136.0	136.0	151.0	151.0	151.0	36.4	814.9	1986.3	15969135.0	8251354.0	0.0	0.0	100.0	100.0	99.99548749540801	0.0	99.99548749540801	100.0	90.93613290824688	1.418012250397187	0.0
LIF_1hr_1	69266296.0	0.0	69266296.0	1.0	34637441.0	34628855.0	69266296.0	69256870.0	0.0	69256870.0	69266296.0	0.0	469464.0	0.0	31119178.0	0.0	9649903424.0	4826961959.0	4822941465.0	9649903424.0	9613184395.0	0.0	0.0	42500807.0	0.004421096	139.0	139.0	139.0	151.0	151.0	151.0	36.3	605.6	1549.5	25567069.0	9061366.0	0.0	0.0	100.0	100.0	99.98639164998804	0.0	99.98639164998804	100.0	0.0	0.6777668608120753	0.0
LIF_1hr_2	48833494.0	0.0	48833494.0	1.0	24418166.0	24415328.0	48833494.0	48830306.0	0.0	48830306.0	48833494.0	46133125.0	417895.0	0.0	43458155.0	0.0	6716215108.0	3359154489.0	3357060619.0	6716215108.0	6693040369.0	0.0	6344237041.0	21661817.0	0.003236469	138.0	138.0	137.0	151.0	151.0	151.0	36.4	890.5	2133.0	16348686.0	8066467.0	0.0	0.0	100.0	100.0	99.99347169383374	0.0	99.99347169383374	100.0	94.47025232312888	0.8557548636597659	0.0
LIF_1hr_3	61910084.0	0.0	61910084.0	1.0	30957555.0	30952529.0	61910084.0	61904648.0	0.0	61904648.0	61910084.0	52471235.0	510314.0	0.0	41286945.0	0.0	8618204045.0	4310196748.0	4308007297.0	8618204045.0	8587825154.0	0.0	7311246675.0	33265358.0	0.003873549	139.0	139.0	139.0	151.0	151.0	151.0	36.4	650.1	1696.6	21688558.0	9263766.0	0.0	0.0	100.0	100.0	99.99121952410854	0.0	99.99121952410854	100.0	84.75393927748507	0.8242825191450233	0.0
LIF_1hr_4	68338950.0	0.0	68338950.0	1.0	34172342.0	34166608.0	68338950.0	68332548.0	0.0	68332548.0	68338950.0	0.0	580437.0	0.0	36510964.0	0.0	9517248994.0	4760340228.0	4756908766.0	9517248994.0	9485328278.0	0.0	0.0	27452494.0	0.002894206	139.0	139.0	139.0	151.0	151.0	151.0	36.4	608.1	1506.3	24909227.0	9257047.0	0.0	0.0	100.0	100.0	99.99063198951696	0.0	99.99063198951696	100.0	0.0	0.8493501875577544	0.0
LIF_1hr_5	94251527.0	0.0	94251527.0	1.0	47128752.0	47122775.0	94251527.0	94244868.0	0.0	94244868.0	94251527.0	84284714.0	1169013.0	0.0	59234476.0	0.0	13113756902.0	6558982839.0	6554774063.0	13113756902.0	13076016986.0	0.0	11727869410.0	34215999.0	0.002616699	139.0	139.0	139.0	151.0	151.0	151.0	36.3	868.4	1978.9	34211821.0	12910613.0	0.0	0.0	100.0	100.0	99.99293486247709	0.0	99.99293486247709	100.0	89.42530342240504	1.2403120004623374	0.0
LIF_24hr_1	59266895.0	0.0	59266895.0	1.0	29635174.0	29631721.0	59266895.0	59262938.0	0.0	59262938.0	59266895.0	51456354.0	403268.0	0.0	34245220.0	0.0	8249559082.0	4125790014.0	4123769068.0	8249559082.0	8225428359.0	0.0	7161299787.0	23574704.0	0.002866076	139.0	139.0	139.0	151.0	151.0	151.0	36.4	633.8	1586.0	21086349.0	8545120.0	0.0	0.0	100.0	100.0	99.99332342279784	0.0	99.99332342279784	100.0	86.82141016498333	0.6804270748450716	0.0
LIF_24hr_2	49245632.0	0.0	49245632.0	1.0	24624270.0	24621362.0	49245632.0	49242446.0	0.0	49242446.0	49245632.0	0.0	445601.0	0.0	33776775.0	0.0	6815214163.0	3408660454.0	3406553709.0	6815214163.0	6795273808.0	0.0	0.0	21150588.0	0.003112544	138.0	138.0	138.0	151.0	151.0	151.0	36.4	636.2	1625.8	16760427.0	7860796.0	0.0	0.0	100.0	100.0	99.99353039067506	0.0	99.99353039067506	100.0	0.0	0.9048538558709126	0.0
LIF_24hr_3	56789178.0	0.0	56789178.0	1.0	28396214.0	28392964.0	56789178.0	56785676.0	0.0	56785676.0	56789178.0	53423521.0	1147291.0	0.0	52441802.0	0.0	7852579528.0	3927220048.0	3925359480.0	7852579528.0	7827364068.0	0.0	7394691394.0	26764141.0	0.003419304	138.0	138.0	138.0	151.0	151.0	151.0	36.4	1024.6	2330.1	19722599.0	8670239.0	0.0	0.0	100.0	100.0	99.99383333211831	0.0	99.99383333211831	100.0	94.07341835446184	2.020263438220571	0.0
LIF_24hr_4	84547188.0	0.0	84547188.0	1.0	42277094.0	42270094.0	84547188.0	84539148.0	0.0	84539148.0	84547188.0	44784313.0	439929.0	0.0	20623876.0	0.0	11827257806.0	5916000407.0	5911257399.0	11827257806.0	11790534264.0	0.0	6270122676.0	29694339.0	0.00251849	140.0	140.0	140.0	151.0	151.0	151.0	36.3	591.1	1423.8	33378961.0	8890613.0	0.0	0.0	100.0	100.0	99.99049051755571	0.0	99.99049051755571	100.0	52.96960674789089	0.5203354604768168	0.0
LIF_24hr_5	40069459.0	0.0	40069459.0	1.0	20035805.0	20033654.0	40069459.0	40067076.0	0.0	40067076.0	40069459.0	0.0	318024.0	0.0	27109175.0	0.0	5479094680.0	2740282921.0	2738811759.0	5479094680.0	5464078623.0	0.0	0.0	12643002.0	0.00231384	137.0	137.0	137.0	151.0	151.0	151.0	36.4	778.3	1816.6	13355514.0	6678024.0	0.0	0.0	100.0	100.0	99.99405282711703	0.0	99.99405282711703	100.0	0.0	0.7936817914112592	0.0
control_1hr_3	59504316.0	0.0	59504316.0	1.0	29754754.0	29749562.0	59504316.0	59498604.0	0.0	59498604.0	59504316.0	46117359.0	239952.0	0.0	29043298.0	0.0	8284537313.0	4143446511.0	4141090802.0	8284537313.0	8255467228.0	0.0	6423232974.0	31505969.0	0.003816376	139.0	139.0	139.0	151.0	151.0	151.0	36.4	516.4	1346.7	21138641.0	8610661.0	0.0	0.0	100.0	100.0	99.99040069631252	0.0	99.99040069631252	100.0	77.50254452130834	0.40325142129186053	0.0
