Sample	total_splicing_events	known_splicing_events	partial_novel_splicing_events	novel_splicing_events	total_splicing_junctions	known_splicing_junctions	partial_novel_splicing_junctions	novel_splicing_junctions	known_splicing_events_pct	partial_novel_splicing_events_pct	novel_splicing_events_pct	known_splicing_junctions_pct	partial_novel_splicing_junctions_pct	novel_splicing_junctions_pct
CONTROL_0hr_1	1490801	1447414	19353	21001	123013	112043	6841	4129	97.08968534365083	1.2981611898569965	1.408705789706339	91.08224334013478	5.561200848690788	3.356555811174429
CONTROL_0hr_2	364795	336905	4163	19144	70977	66660	2117	2200	92.35461012349401	1.1411888869090858	5.2478789457092345	93.91774800287416	2.982656353466616	3.0995956436592134
CONTROL_0hr_3	1235924	1182078	13498	32722	112679	103506	4903	4270	95.6432596179053	1.0921383515491243	2.647573799036187	91.85917517904845	4.351298822318267	3.7895259986332857
CONTROL_0hr_4	2106290	2027587	30069	39600	142295	125999	10179	6117	96.26343001201164	1.427581197271031	1.8800829895218605	88.54773533855722	7.153448821111072	4.298815840331705
CONTROL_0hr_5	2909951	2825099	38040	40873	147562	129178	11472	6912	97.08407461156563	1.3072385067652343	1.4045940979762201	87.54150797630827	7.77435925238205	4.684132771309687
CONTROL_1hr_1	3748725	3623789	49266	62035	156201	133210	14262	8729	96.66724019499964	1.3142068303223096	1.6548293086316015	85.2811441668107	9.130543338390918	5.588312494798369
CONTROL_1hr_2	1497859	1451085	16931	25351	123426	112677	6344	4405	96.87727616551358	1.1303467148777022	1.6924824032168582	91.29113800981965	5.139921896520992	3.5689400936593585
CONTROL_1hr_4	9689555	9412614	138691	120049	204068	155014	30493	18561	97.14186048791714	1.4313454023430383	1.238952666040907	75.96193425720838	14.942568163553323	9.095497579238293
CONTROL_1hr_5	3699195	3548472	54420	79025	163376	136515	15983	10878	95.92551893047	1.4711308811782022	2.1362755950956895	83.55878464401137	9.78295465674273	6.658260699245912
CONTROL_24hr_1	2090806	2024777	27061	30735	132870	118601	8864	5405	96.8419355980421	1.294285553035528	1.4700072603579672	89.26093173778882	6.67118235869647	4.067885903514713
CONTROL_24hr_2	2806112	2712598	33896	47394	145962	129201	10179	6582	96.66748868184877	1.2079346797276802	1.6889561072401957	88.51687425494306	6.973732889382169	4.509392855674765
CONTROL_24hr_3	2714285	2636534	28707	39420	138771	123936	8787	6048	97.13548871986545	1.0576265941122616	1.4523161716621504	89.30972609550987	6.3320146140043665	4.358259290485765
CONTROL_24hr_4	5047692	4868302	74022	79559	168038	138019	18603	11416	96.44609853374571	1.4664523905182805	1.5761460881527638	82.13558837881908	11.070710196503173	6.793701424677752
CONTROL_24hr_5	1461536	1407212	16059	29611	117248	107262	6065	3921	96.28308847678059	1.098775534779848	2.02601920171655	91.48301037117903	5.172796124454148	3.3441935043668125
LIF_1hr_1	3069266	2951520	39788	68822	151298	130641	11968	8689	96.16370819603124	1.296335996945198	2.242295063379974	86.3468122513186	7.910216922893891	5.742970825787519
LIF_1hr_2	1003312	967916	12367	20132	106570	98410	4662	3498	96.4720844562808	1.2326175706061524	2.0065542921842856	92.34306089893967	4.374589471708736	3.2823496293515997
LIF_1hr_3	2714562	2614050	36099	54089	148432	129460	11035	7937	96.2973032113468	1.32982779542335	1.992549810982398	87.21838956559232	7.434380726527973	5.347229707879703
LIF_1hr_4	4978475	4827808	61014	76102	163954	137916	15684	10354	96.97363148353662	1.2255560186603327	1.5286207121658741	84.1187162252827	9.566097807921734	6.315185966795564
LIF_1hr_5	3442432	3344971	38527	49076	149187	129923	11397	7867	97.16883296460178	1.119179696214769	1.4256200267717705	87.08734675273315	7.639405578234028	5.273247669032824
LIF_24hr_1	2396423	2325790	29777	32376	135690	120159	9826	5705	97.0525654277229	1.2425602658629131	1.3510135731463102	88.55405704178642	7.241506374824969	4.204436583388606
LIF_24hr_2	2432101	2352818	29918	38023	141080	125612	9351	6117	96.74014360423354	1.2301298342461928	1.5633807970968312	89.03600793875816	6.628154238729798	4.33583782251205
LIF_24hr_3	1049158	1003909	11814	25216	100833	92924	4431	3478	95.68711290387148	1.126045838663004	2.403451148444753	92.15633770690151	4.394394692213859	3.4492676008846312
LIF_24hr_4	8564624	8264228	158338	120154	197304	151328	29438	16538	96.49259558855124	1.8487443231600127	1.4029103904619749	76.69788752382111	14.920123261565909	8.381989214612982
LIF_24hr_5	1162756	1127159	12971	17518	108380	100172	5001	3207	96.93856664682873	1.1155392876923447	1.506592956733829	92.42664698283815	4.614319985237128	2.9590330319247093
control_1hr_3	3813121	3678121	49273	71151	154716	132123	13858	8735	96.45959307349544	1.2921960777011796	1.8659518016868597	85.39711471341039	8.957056800848004	5.645828485741617
