Sample	total_reads	total_tags	total_assigned_tags	cds_exons_total_bases	cds_exons_tag_count	cds_exons_tags_kb	5_utr_exons_total_bases	5_utr_exons_tag_count	5_utr_exons_tags_kb	3_utr_exons_total_bases	3_utr_exons_tag_count	3_utr_exons_tags_kb	introns_total_bases	introns_tag_count	introns_tags_kb	tss_up_1kb_total_bases	tss_up_1kb_tag_count	tss_up_1kb_tags_kb	tss_up_5kb_tags_kb	tss_up_10kb_tags_kb	tes_down_1kb_total_bases	tes_down_1kb_tag_count	tes_down_1kb_tags_kb	tes_down_5kb_tags_kb	tes_down_10kb_tags_kb	other_intergenic_tag_count	cds_exons_tag_pct	5_utr_exons_tag_pct	3_utr_exons_tag_pct	introns_tag_pct	tss_up_1kb_tag_pct	tss_up_5kb_tag_pct	tss_up_10kb_tag_pct	tes_down_1kb_tag_pct	tes_down_5kb_tag_pct	tes_down_10kb_tag_pct	other_intergenic_tag_pct	tss_up_5kb-10kb_total_bases	tss_up_1kb-5kb_total_bases	tss_up_5kb-10kb_tag_count	tss_up_1kb-5kb_tag_count	tes_down_5kb-10kb_total_bases	tes_down_1kb-5kb_total_bases	tes_down_5kb-10kb_tag_count	tes_down_1kb-5kb_tag_count
CONTROL_0hr_1	3945364	5560084	5078063	39370283	3441620	87.42	4062337	155708	38.33	22348648	873996	39.11	934912110	394147	0.42	19381046	63488	3.28	1.21	0.76	19609343	30196	1.54	0.87	0.61	482021	61.8987051274765	2.8004612879949295	15.71911503495271	7.088867722142328	1.1418532525767597	1.9193954623707123	2.186963362424021	0.5430853202937223	1.3232174190174104	1.6365759941756275	8.669311470833895	72157369	68801830	14877	43232	65239476	64573301	17423	43376
CONTROL_0hr_2	1747019	2217310	1848980	39370283	1134666	28.82	4062337	39301	9.67	22348648	185655	8.31	934912110	293008	0.31	19381046	61832	3.19	1.37	0.89	19609343	6726	0.34	0.28	0.36	368330	51.17308811126996	1.7724630295267692	8.372983479982501	13.214570808772791	2.7886042096053325	5.457513834330788	6.450338473194997	0.30334053425096175	1.076935566068795	2.404986222043828	16.61156987520915	72157369	68801830	22014	59178	65239476	64573301	29447	17153
CONTROL_0hr_3	4309795	5757722	5135605	39370283	3272201	83.11	4062337	129212	31.81	22348648	645877	28.9	934912110	788021	0.84	19381046	81428	4.2	1.7	1.12	19609343	23419	1.19	0.84	0.81	622117	56.83152121620322	2.2441514196065735	11.217578757710081	13.686332893460296	1.4142398677810426	2.6092958291490977	3.1102578415560878	0.406740721417255	1.235175994950781	2.10524231631885	10.804915555144898	72157369	68801830	28844	68808	65239476	64573301	50096	47699
CONTROL_0hr_4	8836679	11246353	9801482	39370283	5383121	136.73	4062337	189997	46.77	22348648	1125191	50.35	934912110	2755406	2.95	19381046	73967	3.82	1.49	1.01	19609343	51910	2.65	1.68	1.24	1444871	47.86548136982718	1.6894098913665612	10.004941157368972	24.50044027606105	0.6576976554088245	1.1713663976224113	1.439115418127103	0.4615718535599941	1.2605686483431562	1.6531492475827498	12.847462639666388	72157369	68801830	30112	57769	65239476	64573301	44151	89858
CONTROL_0hr_5	8862743	12027007	10596616	39370283	6727362	170.87	4062337	266208	65.53	22348648	1586511	70.99	934912110	1640257	1.75	19381046	88775	4.58	1.79	1.18	19609343	56138	2.86	1.72	1.26	1430391	55.935462580174764	2.2134185171755534	13.19123702181266	13.63811461987176	0.738130442594737	1.3117727461204602	1.5692432872118558	0.46676617050276936	1.201861776583318	1.5593655179547166	11.893158455798687	72157369	68801830	30966	68992	65239476	64573301	42997	88410
CONTROL_1hr_1	16384329	20678340	19140343	39370283	9511169	241.58	4062337	342052	84.2	22348648	1796532	80.39	934912110	7003030	7.49	19381046	91045	4.7	1.95	1.37	19609343	81417	4.15	2.48	1.79	1537997	45.99580527257024	1.6541559912449453	8.68798946143646	33.866499922140754	0.44029162882513784	0.8301391697786187	1.0626288183674317	0.3937308313916881	1.0104824661940948	1.2952006785844512	7.437719855655725	72157369	68801830	48075	80614	65239476	64573301	58875	127534
CONTROL_1hr_2	4509081	6152395	5037582	39370283	3474831	88.26	4062337	127784	31.46	22348648	730777	32.7	934912110	457726	0.49	19381046	64591	3.33	1.38	0.91	19609343	24090	1.23	0.75	0.67	1114813	56.479322280185194	2.0769797777938512	11.877927213711082	7.43980189828514	1.0498513180639408	1.9766286137349764	2.3719868441476857	0.3915548335241804	1.0256331071070697	1.6339978171102474	18.1199841687668	72157369	68801830	24324	57019	65239476	64573301	37429	39011
CONTROL_1hr_4	44357883	55232497	52687123	39370283	23120186	587.25	4062337	845223	208.06	22348648	4775945	213.7	934912110	22735965	24.32	19381046	142184	7.34	3.28	2.55	19609343	247826	12.64	7.51	5.36	2545374	41.85975151548915	1.5303001781722816	8.646983677018984	41.16410851387001	0.2574281586436333	0.5229747262739181	0.7394831343583832	0.4486959914196891	1.1450867412349652	1.4509012692292367	4.60847171186195	72157369	68801830	119583	146668	65239476	64573301	168909	384634
CONTROL_1hr_5	16645826	20902868	19020468	39370283	9341081	237.26	4062337	360205	88.67	22348648	1776263	79.48	934912110	6925297	7.41	19381046	97801	5.05	2.34	1.71	19609343	81492	4.16	2.67	2.3	1882400	44.68803515383631	1.7232324291575685	8.49769993285132	33.13084596812265	0.467883163209948	0.9887303503040826	1.3134943970368085	0.38986037705447885	1.075838014190206	1.641229327956336	9.00546279103901	72157369	68801830	67885	108872	65239476	64573301	118183	143389
CONTROL_24hr_1	5255363	7495450	6622530	39370283	4727799	120.09	4062337	209738	51.63	22348648	853181	38.18	934912110	593562	0.63	19381046	70902	3.66	1.39	0.91	19609343	26432	1.35	0.77	0.62	872920	63.07558585541896	2.798204243907971	11.382652142299662	7.918964171597436	0.9459338665457044	1.635632283585375	1.9404572107078293	0.3526406019651922	0.8689938562728055	1.2381378036008512	11.645998572467295	72157369	68801830	22848	51696	65239476	64573301	27669	38703
CONTROL_24hr_2	7303557	10346021	8904339	39370283	6256074	158.9	4062337	254441	62.63	22348648	1207434	54.03	934912110	811708	0.87	19381046	82354	4.25	1.9	1.36	19609343	37054	1.89	1.17	1.05	1441682	60.46840616310367	2.459312618831916	11.670515650412849	7.845605571455925	0.7959968378181331	1.6160802302643693	2.102798747460497	0.35814734959459293	0.9551788073888503	1.5187094632806177	13.934651785454525	72157369	68801830	50356	84846	65239476	64573301	58303	61769
CONTROL_24hr_3	6865043	9785175	8186308	39370283	5974916	151.76	4062337	229484	56.49	22348648	1088230	48.69	934912110	641971	0.69	19381046	72785	3.76	1.44	0.94	19609343	31234	1.59	0.88	0.68	1598867	61.06090080146752	2.3452212147457763	11.121211424425216	6.560649145263114	0.7438293132212761	1.2992102849463603	1.5330640484201867	0.319197152835795	0.7600681643404436	1.0392660325441292	16.339687333134055	72157369	68801830	22883	54345	65239476	64573301	27320	43140
CONTROL_24hr_4	19159744	24803617	22456227	39370283	12118048	307.8	4062337	511306	125.86	22348648	2160046	96.65	934912110	6813632	7.29	19381046	112165	5.79	3.06	2.54	19609343	94090	4.8	3.26	2.98	2347390	48.85597128838104	2.0614170909025082	8.708592783060631	27.47031612365245	0.45221227210531434	1.0867527909336772	1.6441956832344249	0.3793398357989482	1.1054315183144459	1.7956050522792704	9.46390197848967	72157369	68801830	138266	157389	65239476	64573301	171188	180097
CONTROL_24hr_5	4390824	5977719	4945498	39370283	3256576	82.72	4062337	126601	31.16	22348648	614549	27.5	934912110	713462	0.76	19381046	64145	3.31	1.38	0.91	19609343	18295	0.93	0.6	0.59	1032221	54.47857284693376	2.1178814193173015	10.28066056634646	11.935355275147593	1.0730681719900184	2.0427858853853786	2.4392581852710036	0.3060531952070681	0.8417592061453542	1.480464371108779	17.267807335875105	72157369	68801830	23700	57967	65239476	64573301	38180	32023
LIF_1hr_1	14253965	17813195	16590372	39370283	7958882	202.15	4062337	297428	73.22	22348648	1548176	69.27	934912110	6276243	6.71	19381046	91635	4.73	2.09	1.48	19609343	70088	3.57	2.22	1.82	1222823	44.67969951488209	1.669706080239957	8.691175277652324	35.23367368964411	0.5144220337788926	1.034508407952644	1.3310245579190032	0.39346113934080884	1.0488348665132785	1.530017495457721	6.864703384204798	72157369	68801830	52819	92644	65239476	64573301	85714	116743
LIF_1hr_2	2700369	3798208	3428142	39370283	2339352	59.42	4062337	104399	25.7	22348648	527247	23.59	934912110	263790	0.28	19381046	64406	3.32	1.29	0.81	19609343	17893	0.91	0.55	0.42	370066	61.59093972736617	2.748638305221831	13.881467260350144	6.945117276357693	1.6956943906178916	2.9910157632230776	3.419849571166192	0.47109057745126126	1.2083329822905962	1.6708142366084218	9.74317362292955	72157369	68801830	16288	49199	65239476	64573301	17566	28002
LIF_1hr_3	9438849	12504408	11115753	39370283	6739148	171.17	4062337	269382	66.31	22348648	1299531	58.15	934912110	2381359	2.55	19381046	89090	4.6	1.95	1.35	19609343	49702	2.53	1.62	1.4	1388655	53.8941787568032	2.154296308949612	10.392583159474643	19.044156268733396	0.7124687550182304	1.3786578301027925	1.7353160581452556	0.3974758341218553	1.0921988469985944	1.674145629285289	11.105323818608607	72157369	68801830	44598	83303	65239476	64573301	72769	86871
LIF_1hr_4	16117963	21559059	19623251	39370283	11431882	290.37	4062337	441010	108.56	22348648	2206811	98.74	934912110	4962207	5.31	19381046	97762	5.04	2.3	1.71	19609343	84424	4.31	2.56	2.06	1935808	53.02588577729668	2.0455902087377744	10.236119303722857	23.01680699514761	0.45346135005243043	0.9392200281097612	1.2695591212956001	0.39159408580866173	0.9980676800411372	1.4269453968283123	8.979093196971167	72157369	68801830	71218	104725	65239476	64573301	92462	130750
LIF_1hr_5	9966813	13697282	11911574	39370283	7758004	197.05	4062337	283142	69.7	22348648	1624916	72.71	934912110	1844349	1.97	19381046	83470	4.31	1.84	1.25	19609343	53586	2.73	1.63	1.34	1785708	56.639003270867896	2.0671400355194556	11.863054290624959	13.465072851679624	0.6093909726031778	1.1860163206101766	1.4619104724572365	0.39121630116106243	1.0044474516915107	1.4668676603139221	13.036951418536905	72157369	68801830	37790	78982	65239476	64573301	63339	83996
LIF_24hr_1	7810541	10480213	9368777	39370283	5831934	148.13	4062337	225998	55.63	22348648	993930	44.47	934912110	2049128	2.19	19381046	74902	3.86	1.5	1.0	19609343	29319	1.5	0.87	0.72	1111436	55.6470941955092	2.156425637532367	9.483872131224814	19.552350701269145	0.7146992146056573	1.2623025886973862	1.5282609237045088	0.2797557645059313	0.6976671180251776	1.0269066096271136	10.605089801132857	72157369	68801830	27873	57390	65239476	64573301	34505	43798
LIF_24hr_2	6468680	9107831	7862184	39370283	5536546	140.63	4062337	220848	54.36	22348648	1053930	47.16	934912110	742580	0.79	19381046	75294	3.88	1.59	1.12	19609343	33109	1.69	1.02	0.86	1245647	60.788853021098	2.4248144261789664	11.571690339884436	8.153203545388578	0.8266951813225345	1.5440119606962404	1.9700629052076173	0.3635223358887533	0.9460320464883462	1.4147166323134455	13.676659129928959	72157369	68801830	38804	65332	65239476	64573301	42687	53054
LIF_24hr_3	3365657	4562183	3803452	39370283	2670979	67.84	4062337	120774	29.73	22348648	364995	16.33	934912110	469891	0.5	19381046	72273	3.73	1.38	0.85	19609343	9997	0.51	0.29	0.27	758731	58.54607322853993	2.647285301795215	8.000446277582464	10.299696439182734	1.5841758210926655	2.6583107253698506	2.9753738506324714	0.21912755362947958	0.5291545735890034	0.9002488501666855	16.630876052100497	72157369	68801830	14465	49004	65239476	64573301	16930	14144
LIF_24hr_4	39762875	49348978	47044373	39370283	21344829	542.16	4062337	863189	212.49	22348648	3937719	176.19	934912110	19930240	21.32	19381046	140206	7.23	3.22	2.48	19609343	159963	8.16	4.99	3.81	2304605	43.2528288630415	1.749152738279605	7.979332419001666	40.386327757385374	0.284111253529911	0.5748386521803958	0.8072467073178293	0.3241465304509447	0.8516650537322171	1.1550958562910867	4.670015658682942	72157369	68801830	114691	143471	65239476	64573301	149740	260325
LIF_24hr_5	3089590	4342063	3623992	39370283	2630894	66.82	4062337	109131	26.86	22348648	476221	21.31	934912110	240027	0.26	19381046	58805	3.03	1.12	0.69	19609343	13369	0.68	0.42	0.38	718071	60.5908758117973	2.513344463219442	10.967620690901997	5.527948350818494	1.3543101516491125	2.2846052671276302	2.5579085333400275	0.307895118057937	0.8134612510228434	1.304748457127407	16.53755369279534	72157369	68801830	11867	40394	65239476	64573301	21332	21952
control_1hr_3	13386957	17660757	16218140	39370283	9345842	237.38	4062337	368632	90.74	22348648	1690380	75.64	934912110	4386090	4.69	19381046	95625	4.93	1.93	1.31	19609343	67837	3.46	2.01	1.45	1442617	52.91869425529154	2.0872944460987712	9.571390399630095	24.835232147749952	0.5414547066130857	0.9633618762774437	1.190809657819311	0.3841115077909741	0.9597266980118689	1.2280900529914998	8.168489040418821	72157369	68801830	40169	74512	65239476	64573301	47395	101658
