Sample	custom_content_dupradar-dupRadar_intercept	picard_mark_duplicates-PERCENT_DUPLICATION	qualimap_rnaseq-5_3_bias	qualimap_rnaseq-reads_aligned	rseqc_bam_stat-proper_pairs_percent	samtools_stats-error_rate	samtools_stats-non_primary_alignments	samtools_stats-reads_mapped	samtools_stats-reads_mapped_percent	samtools_stats-reads_properly_paired_percent	samtools_stats-reads_MQ0_percent	samtools_stats-raw_total_sequences	samtools_flagstat-flagstat_total	samtools_flagstat-mapped_passed	samtools_flagstat-mapped_passed_pct	star-total_reads	star-mapped	star-mapped_percent	star-uniquely_mapped	star-uniquely_mapped_percent	star-multimapped	fastqc_raw-percent_duplicates	fastqc_raw-percent_gc	fastqc_raw-avg_sequence_length	fastqc_raw-median_sequence_length	fastqc_raw-percent_fails	fastqc_raw-total_sequences	cutadapt-percent_trimmed	fastqc_trimmed-percent_duplicates	fastqc_trimmed-percent_gc	fastqc_trimmed-avg_sequence_length	fastqc_trimmed-median_sequence_length	fastqc_trimmed-percent_fails	fastqc_trimmed-total_sequences
CONTROL_0hr_1	2.02105421464037	90.2458	1.44	20.221577999999997	5.670430321059667	0.3621163	23.174446	40.448026999999996	100.0	99.98795738541216	0.3084995962843874	40.448026999999996	63.622473	63.622473	100.0	22.158953	20.226449	91.28	10.815381	48.81	9.411068													
CONTROL_0hr_1_1																						93.02000143489713	59.0	151.0	151	36.36363636363637	23.871025	15.184829989134977	92.4430216661344	58.0	137.91455521386774	151	27.27272727272727	22.158953
CONTROL_0hr_1_2																						89.70252785023037	59.0	151.0	151	45.45454545454545	23.871025	10.95742311828055	91.77551227524071	58.0	137.94019094674735	151	27.27272727272727	22.158953
CONTROL_0hr_2	1.5176001880615	96.3359	1.65	23.837752	1.4180084759444318	0.3814047	50.033156999999996	47.679376	100.0	99.99187908835049	2.0809919995597257	47.679376	97.712533	97.712533	100.0	25.921115	23.841624	91.97999999999999	6.7285639999999995	25.96	17.11306													
CONTROL_0hr_2_1																						97.36992741298991	62.0	151.0	151	45.45454545454545	27.194359	12.569196393739146	97.22343661845565	62.0	138.48351010363558	151	36.36363636363637	25.921115
CONTROL_0hr_2_2																						95.23209042353555	63.0	151.0	151	45.45454545454545	27.194359	10.070139353834813	96.41923498709046	63.0	138.5214284956492	151	36.36363636363637	25.921115
CONTROL_0hr_3	0.759862570014251	92.4413	1.55	28.506655	3.459552416824869	0.39473959999999997	52.093539	57.017801	100.0	99.99212351244482	1.7015475570515253	57.017801	109.11134	109.11134	100.0	31.34182	28.511146	90.97	10.132786999999999	32.33	18.378359													
CONTROL_0hr_3_1																						94.81742906238635	62.0	151.0	151	36.36363636363637	32.152715	10.633074456784799	94.6364435955561	62.0	138.40364554451529	151	36.36363636363637	31.34182
CONTROL_0hr_3_2																						92.87825839614982	62.0	151.0	151	36.36363636363637	32.152715	8.821119205270207	94.23857832040437	63.0	138.4931792091206	151	36.36363636363637	31.34182
CONTROL_0hr_4	1.17847549916245	82.99119999999999	1.51	25.974777	10.983727533032386	0.3171936	21.579779	51.953509	100.0	99.9923874246877	0.4875070132413963	51.953509	73.533288	73.533288	100.0	29.192076999999998	25.978731999999997	88.99000000000001	17.292998	59.24	8.685734													
CONTROL_0hr_4_1																						88.96742118212204	56.0	151.0	151	36.36363636363637	31.444371	14.862773106691469	87.98141051463074	54.0	138.44815327802814	151	27.27272727272727	29.192076999999998
CONTROL_0hr_4_2																						85.69099978625441	56.0	151.0	151	36.36363636363637	31.444371	9.484715402123161	87.49673297573972	55.0	138.4481865062222	151	36.36363636363637	29.192076999999998
CONTROL_0hr_5	0.853034376708723	86.3938	1.43	32.566603	7.017108996679891	0.24464909999999998	48.808189	65.137768	100.0	99.99299638268232	0.7206755994463919	65.137768	113.94595699999999	113.94595699999999	100.0	35.031278	32.571165	92.97	14.665719999999999	41.86	17.905445													
CONTROL_0hr_5_1																						91.05512192414359	56.0	151.0	151	36.36363636363637	35.490822	9.089106443925061	90.88702044746353	56.0	139.0817799167932	151	27.27272727272727	35.031278
CONTROL_0hr_5_2																						90.04465349463253	57.0	151.0	151	45.45454545454545	35.490822	8.15874689447414	90.4408341652463	57.0	139.1541934896009	151	36.36363636363637	35.031278
CONTROL_1hr_1	0.742727492085809	74.36970000000001	1.46	31.959304	17.47961076291264	0.3696347	24.182093	63.925543999999995	100.0	99.98914987723843	0.5855577857890424	63.925543999999995	88.107637	88.107637	100.0	35.167212	31.96624	90.9	23.023324	65.47	8.942916													
CONTROL_1hr_1_1																						82.27845306075781	56.0	151.0	151	36.36363636363637	35.943388	8.921998642431742	81.76179626124927	56.0	140.54638815269178	151	27.27272727272727	35.167212
CONTROL_1hr_1_2																						80.48277041737555	56.0	151.0	151	45.45454545454545	35.943388	7.681231020498602	81.00790311332514	56.0	140.51624601347413	151	36.36363636363637	35.167212
CONTROL_1hr_2	1.12333977760808	88.7164	1.45	19.979153999999998	5.352330839298369	0.3336618	30.673101	39.961434	100.0	99.99217745789602	0.8903459270255416	39.961434	70.634535	70.634535	100.0	21.516963999999998	19.98228	92.86	9.188322	42.7	10.793958													
CONTROL_1hr_2_1																						93.36915462869936	57.0	151.0	151	36.36363636363637	22.770158	14.037201179795144	92.91653039544488	57.0	137.34236423874668	151	36.36363636363637	21.516963999999998
CONTROL_1hr_2_2																						90.80224453669285	58.0	151.0	151	36.36363636363637	22.770158	10.394603712199633	92.45130809868729	57.0	137.4286462997289	151	36.36363636363637	21.516963999999998
CONTROL_1hr_4	0.288756789073618	44.0043	1.43	39.603747	47.490951975534244	0.30170040000000004	11.355400999999999	79.21658	100.0	99.98853017890951	0.36584008044780525	79.21658	90.571981	90.571981	100.0	42.403123	39.612832999999995	93.42	35.637040999999996	84.04	3.9757919999999998													
CONTROL_1hr_4_1																						58.879567243916696	51.0	151.0	151	18.181818181818183	42.508064999999995	6.136941837191514	58.65753158374472	51.0	142.0754028895466	151	9.090909090909092	42.403123
CONTROL_1hr_4_2																						57.36043888821665	51.0	151.0	151	27.27272727272727	42.508064999999995	6.072316438170136	57.26973739884711	51.0	141.97984690891752	151	18.181818181818183	42.403123
CONTROL_1hr_5	0.639130220129162	76.15610000000001	1.45	34.902156	15.415096701841538	0.3606848	30.709294	69.811801	100.0	99.98927258730942	0.5411090884190196	69.811801	100.521095	100.521095	100.0	38.769681999999996	34.909645	90.03999999999999	23.071917	59.51	11.837728													
CONTROL_1hr_5_1																						84.0636444071068	56.0	151.0	151	36.36363636363637	39.175232	8.168245028893132	83.78561629358698	56.0	140.11017877319705	151	27.27272727272727	38.769681999999996
CONTROL_1hr_5_2																						82.8940653012053	57.0	151.0	151	45.45454545454545	39.175232	7.518065688792063	83.01303204663294	57.0	140.10559168372853	151	36.36363636363637	38.769681999999996
CONTROL_24hr_1	2.16149653485228	90.3064	1.36	27.105071	5.343302691419649	0.230516	33.657993999999995	54.214999	100.0	99.99104122458805	0.7588010838107734	54.214999	87.872993	87.872993	100.0	28.838161999999997	27.109928	94.00999999999999	14.194004	49.22	12.915923999999999													
CONTROL_24hr_1_1																						93.68067251669362	57.0	151.0	151	36.36363636363637	31.859590999999998	17.61135276427403	92.99517998868765	56.0	137.39242972558375	151	36.36363636363637	28.838161999999997
CONTROL_24hr_1_2																						89.95262452038611	58.0	151.0	151	45.45454545454545	31.859590999999998	11.469230663169688	92.40358667785634	56.0	137.46127239315737	151	27.27272727272727	28.838161999999997
CONTROL_24hr_2	1.09701159815063	88.3988	1.4	31.475467	5.413917909787904	0.31359940000000003	54.211984	62.954919999999994	100.0	99.99366848532252	1.372310535856451	62.954919999999994	117.16690399999999	117.16690399999999	100.0	34.058033	31.479453	92.41999999999999	14.275260999999999	41.91	17.204192													
CONTROL_24hr_2_1																						92.97862756729764	57.0	151.0	151	36.36363636363637	35.160675	11.394157861217217	92.7014066719387	57.0	138.11830410170782	151	27.27272727272727	34.058033
CONTROL_24hr_2_2																						91.2719716858852	58.0	151.0	151	36.36363636363637	35.160675	9.008639557747944	92.2050033363765	58.0	138.30601767283508	151	27.27272727272727	34.058033
CONTROL_24hr_3	1.56406303774511	89.0702	1.54	31.403143	5.786903793940411	0.23852510000000002	39.514207	62.810252	100.0	99.993685744168	0.7566089688670569	62.810252	102.32445899999999	102.32445899999999	100.0	33.611436	31.407109	93.44	16.804748999999997	50.0	14.60236													
CONTROL_24hr_3_1																						93.26850647996494	55.0	151.0	151	36.36363636363637	34.876566	11.48283174074098	92.95973344104353	54.0	138.68341361553252	151	27.27272727272727	33.611436
CONTROL_24hr_3_2																						91.46081361861816	55.0	151.0	151	45.45454545454545	34.876566	8.883692052291801	92.61084943894781	54.0	138.81090230717902	151	36.36363636363637	33.611436
CONTROL_24hr_4	0.588302841625565	76.0138	1.47	39.935338	13.54005222575375	0.2855624	49.943591999999995	79.878182	100.0	99.99060319124439	1.271456077956306	79.878182	129.821774	129.821774	100.0	42.906563999999996	39.942844	93.09	24.057665	56.07	15.885178999999999													
CONTROL_24hr_4_1																						84.6219492328403	55.0	151.0	151	36.36363636363637	43.546472	10.006904579232623	84.23014702477595	55.0	137.90252081243327	151	27.27272727272727	42.906563999999996
CONTROL_24hr_4_2																						83.14781599092767	56.0	151.0	151	45.45454545454545	43.546472	8.903290642896208	83.54650910655553	56.0	137.9083687754629	151	36.36363636363637	42.906563999999996
CONTROL_24hr_5	1.49563420493061	90.9361	1.41	24.220489	4.279462231893349	0.2178888	40.1339	48.443163999999996	100.0	99.99548749540801	1.418012250397187	48.443163999999996	88.577064	88.577064	100.0	25.189443999999998	24.222675	96.16	10.055228	39.92	14.167447													
CONTROL_24hr_5_1																						94.02725587739617	56.0	151.0	151	45.45454545454545	26.144011	13.13760711901141	93.7607429099238	55.0	136.1254934011247	151	36.36363636363637	25.189443999999998
CONTROL_24hr_5_2																						92.15618513816315	56.0	151.0	151	45.45454545454545	26.144011	10.780864714881135	93.2416408861478	55.0	136.1974787534016	151	36.36363636363637	25.189443999999998
LIF_1hr_1	0.913415472670358	79.4215	1.38	34.628434999999996	13.37652298180113	0.44210960000000005	31.119177999999998	69.266296	100.0	99.98639164998804	0.6777668608120753	69.266296	100.385474	100.385474	100.0	39.474606	34.637861	87.75	23.902670999999998	60.55	10.73519													
LIF_1hr_1_1																						86.0277830072422	58.0	151.0	151	36.36363636363637	40.207370999999995	9.642105372843696	85.65041558017066	58.0	138.94447131403922	151	27.27272727272727	39.474606
LIF_1hr_1_2																						84.677763793113	59.0	151.0	151	45.45454545454545	40.207370999999995	8.597516602990515	84.96952707366367	59.0	138.9448122167451	151	36.36363636363637	39.474606
LIF_1hr_2	2.06866326845879	94.4703	1.4	24.415153	2.595768984472257	0.3236469	43.458155	48.833493999999995	100.0	99.99347169383374	0.8557548636597659	48.833493999999995	92.29164899999999	92.29164899999999	100.0	26.831146999999998	24.418340999999998	91.00999999999999	9.585759999999999	35.73	14.832581													
LIF_1hr_2_1																						95.82938853162285	62.0	151.0	151	36.36363636363637	30.564262999999997	20.627726362725777	95.26146842666532	60.0	136.47539186453713	151	36.36363636363637	26.831146999999998
LIF_1hr_2_2																						90.59408065942466	62.0	151.0	151	45.45454545454545	30.564262999999997	11.39628973513092	94.74572021403041	61.0	136.53116983780083	151	27.27272727272727	26.831146999999998
LIF_1hr_3	0.716566043937487	84.7539	1.4	30.952323999999997	8.214172522350426	0.3873549	41.286944999999996	61.910084	100.0	99.99121952410854	0.8242825191450233	61.910084	103.197029	103.197029	100.0	34.24799	30.957759999999997	90.4	16.034136	46.82	14.923623999999998													
LIF_1hr_3_1																						90.21959178954144	59.0	151.0	151	36.36363636363637	34.916198	9.776617239690824	89.93071668918982	59.0	138.89053684610397	151	27.27272727272727	34.24799
LIF_1hr_3_2																						89.31826651025904	60.0	151.0	151	45.45454545454545	34.916198	8.327213492698654	89.53725350507091	60.0	138.98295330616483	151	36.36363636363637	34.24799
LIF_1hr_4	0.658722499741596	76.4147	1.43	34.166274	14.207063631926298	0.2894206	36.510964	68.33895	100.0	99.99063198951696	0.8493501875577544	68.33895	104.849914	104.849914	100.0	37.907368	34.172675999999996	90.14	21.775802	57.44	12.396873999999999													
LIF_1hr_4_1																						85.24365369609802	56.0	151.0	151	36.36363636363637	38.566942	9.49614239178419	84.86929061857087	56.0	138.99368426212024	151	27.27272727272727	37.907368
LIF_1hr_4_2																						83.56996883884588	57.0	151.0	151	36.36363636363637	38.566942	8.368497686455468	84.25375207236792	57.0	139.05144184634503	151	36.36363636363637	37.907368
LIF_1hr_5	1.84511323472334	89.4253	1.45	47.122434	5.796003431009927	0.2616699	59.234476	94.251527	100.0	99.99293486247709	1.2403120004623374	94.251527	153.48600299999998	153.48600299999998	100.0	51.034763	47.129093	92.35	28.113877	55.09	19.015216													
LIF_1hr_5_1																						93.00126631763595	54.0	151.0	151	36.36363636363637	52.145308	10.064205877004085	92.76542908644313	54.0	138.74721479553065	151	27.27272727272727	51.034763
LIF_1hr_5_2																						91.48702596074943	55.0	151.0	151	45.45454545454545	52.145308	8.663802814726218	92.21026190816119	54.0	138.81740983102048	151	36.36363636363637	51.034763
LIF_24hr_1	1.33705913835276	86.82140000000001	1.42	29.631469	7.593341247815857	0.2866076	34.245219999999996	59.266895	100.0	99.99332342279784	0.6804270748450716	59.266895	93.512115	93.512115	100.0	31.603738	29.635426	93.77	16.288294	51.54	13.347132													
LIF_24hr_1_1																						91.45864767045511	56.0	151.0	151	36.36363636363637	32.692864	11.105912331723328	91.09276918764841	56.0	138.81652015340717	151	27.27272727272727	31.603738
LIF_24hr_1_2																						89.42855774891142	57.0	151.0	151	45.45454545454545	32.692864	9.12023451830243	90.4968010067686	56.0	138.91238023805917	151	36.36363636363637	31.603738
LIF_24hr_2	0.943499026976819	86.8645	1.4	24.621223	6.879092291313597	0.3112544	33.776775	49.245632	100.0	99.99353039067506	0.9048538558709126	49.245632	83.022407	83.022407	100.0	26.327789	24.624409	93.53	11.466467	43.55	13.157942													
LIF_24hr_2_1																						91.76980824246934	57.0	151.0	151	36.36363636363637	27.292859	11.85527905312701	91.39093917865073	57.0	137.96986579465522	151	27.27272727272727	26.327789
LIF_24hr_2_2																						88.72345483298538	57.0	151.0	151	36.36363636363637	27.292859	9.232434332981429	90.84100966922742	57.0	138.0557641205648	151	27.27272727272727	26.327789
LIF_24hr_3	2.27350783651517	94.07339999999999	1.66	28.392837999999998	2.629389574276455	0.3419304	52.441801999999996	56.789178	100.0	99.99383333211831	2.020263438220571	56.789178	109.23097999999999	109.23097999999999	100.0	31.457637	28.39634	90.27000000000001	12.545057	39.88	15.851282999999999													
LIF_24hr_3_1																						95.75537140473004	60.0	151.0	151	36.36363636363637	33.560421999999996	14.706894589755809	95.4348812149685	60.0	137.38317655582333	151	27.27272727272727	31.457637
LIF_24hr_3_2																						92.85887326669535	61.0	151.0	151	45.45454545454545	33.560421999999996	9.973399461484327	95.0648203942076	60.0	137.62032513758106	151	27.27272727272727	31.457637
LIF_24hr_4	0.368344088359217	52.96959999999999	1.55	42.269574	36.451777268317834	0.251849	20.623876	84.54718799999999	100.0	99.99049051755571	0.5203354604768168	84.54718799999999	105.171064	105.171064	100.0	43.687155	42.277614	96.77	35.408221	81.05	6.869393													
LIF_24hr_4_1																						67.12359924759524	50.0	151.0	151	36.36363636363637	43.901194	7.790190631231477	66.77200727326034	50.0	139.91680900255463	151	27.27272727272727	43.687155
LIF_24hr_4_2																						65.44103745153504	51.0	151.0	151	36.36363636363637	43.901194	7.538415116985457	65.3279043129911	50.0	139.82907227536333	151	27.27272727272727	43.687155
LIF_24hr_5	2.48902516517943	92.2894	1.58	20.033538	3.957832783560321	0.231384	27.109175	40.069458999999995	100.0	99.99405282711703	0.7936817914112592	40.069458999999995	67.178634	67.178634	100.0	21.707425999999998	20.035921	92.3	9.675809	44.57	10.360111999999999													
LIF_24hr_5_1																						94.28276595472191	56.0	151.0	151	36.36363636363637	23.426336	16.439247199255625	93.80434051778433	55.0	136.06644878116825	151	36.36363636363637	21.707425999999998
LIF_24hr_5_2																						90.5074797626391	57.0	151.0	151	45.45454545454545	23.426336	11.431896492237236	93.36756847284485	55.0	136.12185069754472	151	36.36363636363637	21.707425999999998
control_1hr_3	0.562001655797932	77.5025	1.38	29.749302	14.07316745993856	0.38163759999999997	29.043298	59.504315999999996	100.0	99.99040069631252	0.40325142129186053	59.504315999999996	88.547614	88.547614	100.0	34.193683	29.755014	87.02	18.049788	52.79	11.705226													
control_1hr_3_1																						86.09329925334774	59.0	151.0	151	36.36363636363637	34.999963	10.055275435917475	85.64178472821703	59.0	139.0013610993586	151	27.27272727272727	34.193683
control_1hr_3_2																						84.28510711315035	59.0	151.0	151	45.45454545454545	34.999963	8.321483839570524	85.12527353398417	59.0	139.0931378465432	151	36.36363636363637	34.193683
