Sample	chr10	chr11	chr12	chr13	chr14	chr15	chr16	chr17	chr18	chr19	chr1	chr2	chr3	chr4	chr5	chr6	chr7	chr8	chr9	chrM	chrX	chrY	*
CONTROL_0hr_1	[905684, 130694993]	[1706036, 122082543]	[34681638, 120129022]	[597564, 120421639]	[654551, 124902244]	[727883, 104043685]	[512640, 98207768]	[7012831, 94987271]	[420491, 90702639]	[655005, 61431566]	[1709638, 195471971]	[1195600, 182113224]	[674661, 160039680]	[1099363, 156508116]	[1211260, 151834684]	[3576532, 149736546]	[1215897, 145441459]	[873344, 129401213]	[1167000, 124595110]	[2526304, 16299]	[465671, 171031299]	[32880, 91744698]	[0, 0]
CONTROL_0hr_2	[434463, 130694993]	[1177828, 122082543]	[73848869, 120129022]	[296993, 120421639]	[159997, 124902244]	[248388, 104043685]	[268971, 98207768]	[10540712, 94987271]	[227163, 90702639]	[294488, 61431566]	[813185, 195471971]	[478061, 182113224]	[228655, 160039680]	[978583, 156508116]	[680310, 151834684]	[4316263, 149736546]	[512859, 145441459]	[623698, 129401213]	[393064, 124595110]	[906366, 16299]	[219705, 171031299]	[63912, 91744698]	[0, 0]
CONTROL_0hr_3	[504344, 130694993]	[1305944, 122082543]	[78577617, 120129022]	[341594, 120421639]	[340323, 124902244]	[428485, 104043685]	[315822, 98207768]	[14329998, 94987271]	[255379, 90702639]	[395530, 61431566]	[1113676, 195471971]	[702459, 182113224]	[376453, 160039680]	[1027165, 156508116]	[636015, 151834684]	[4742194, 149736546]	[614377, 145441459]	[758536, 129401213]	[708670, 124595110]	[1262289, 16299]	[299812, 171031299]	[74658, 91744698]	[0, 0]
CONTROL_0hr_4	[1088333, 130694993]	[2375390, 122082543]	[26930856, 120129022]	[810644, 120421639]	[852684, 124902244]	[1023842, 104043685]	[709509, 98207768]	[8669767, 94987271]	[642206, 90702639]	[1476244, 61431566]	[5132461, 195471971]	[1808025, 182113224]	[1016440, 160039680]	[1701880, 156508116]	[1512863, 151834684]	[2612542, 149736546]	[1494546, 145441459]	[1381474, 129401213]	[1357617, 124595110]	[10325869, 16299]	[557775, 171031299]	[52321, 91744698]	[0, 0]
CONTROL_0hr_5	[1091697, 130694993]	[2417461, 122082543]	[70501062, 120129022]	[741117, 120421639]	[842060, 124902244]	[867070, 104043685]	[655459, 98207768]	[7682538, 94987271]	[545405, 90702639]	[876068, 61431566]	[4457417, 195471971]	[1515790, 182113224]	[836947, 160039680]	[1637706, 156508116]	[1349987, 151834684]	[4488195, 149736546]	[1299156, 145441459]	[1206007, 129401213]	[1451454, 124595110]	[8820522, 16299]	[594779, 171031299]	[68060, 91744698]	[0, 0]
CONTROL_1hr_1	[1743588, 130694993]	[3198809, 122082543]	[31718610, 120129022]	[1464207, 120421639]	[1462256, 124902244]	[1531982, 104043685]	[1084015, 98207768]	[13436807, 94987271]	[1046945, 90702639]	[1659564, 61431566]	[3770501, 195471971]	[2774274, 182113224]	[1803514, 160039680]	[3104159, 156508116]	[2310645, 151834684]	[3676153, 149736546]	[2170678, 145441459]	[2220383, 129401213]	[2340856, 124595110]	[4481474, 16299]	[969136, 171031299]	[139081, 91744698]	[0, 0]
CONTROL_1hr_2	[645403, 130694993]	[1267679, 122082543]	[41126142, 120129022]	[457724, 120421639]	[439158, 124902244]	[491997, 104043685]	[341919, 98207768]	[6175018, 94987271]	[299509, 90702639]	[441467, 61431566]	[2726433, 195471971]	[860835, 182113224]	[438112, 160039680]	[1645515, 156508116]	[808527, 151834684]	[3037194, 149736546]	[745471, 145441459]	[1243398, 129401213]	[899113, 124595110]	[6086394, 16299]	[345123, 171031299]	[112404, 91744698]	[0, 0]
CONTROL_1hr_4	[3461894, 130694993]	[5364515, 122082543]	[12032081, 120129022]	[2483093, 120421639]	[2605941, 124902244]	[2819209, 104043685]	[2263785, 98207768]	[10793839, 94987271]	[2101959, 90702639]	[3253982, 61431566]	[5485763, 195471971]	[4964745, 182113224]	[3056538, 160039680]	[4070487, 156508116]	[4238009, 151834684]	[4569465, 149736546]	[3861709, 145441459]	[3455100, 129401213]	[4338069, 124595110]	[3052553, 16299]	[2064486, 171031299]	[234759, 91744698]	[0, 0]
CONTROL_1hr_5	[1789818, 130694993]	[3205869, 122082543]	[39911005, 120129022]	[1299533, 120421639]	[1189160, 124902244]	[1479520, 104043685]	[1216557, 98207768]	[14885898, 94987271]	[1070879, 90702639]	[1837892, 61431566]	[4723349, 195471971]	[2523664, 182113224]	[1522759, 160039680]	[2918127, 156508116]	[2291787, 151834684]	[4604098, 149736546]	[2029774, 145441459]	[2098215, 129401213]	[2181883, 124595110]	[6565168, 16299]	[1019582, 171031299]	[156558, 91744698]	[0, 0]
CONTROL_24hr_1	[1307000, 130694993]	[2244747, 122082543]	[47548588, 120129022]	[808962, 120421639]	[941975, 124902244]	[1100122, 104043685]	[663315, 98207768]	[5688311, 94987271]	[569771, 90702639]	[992991, 61431566]	[3331365, 195471971]	[1700284, 182113224]	[931662, 160039680]	[1845626, 156508116]	[1697984, 151834684]	[4282407, 149736546]	[1625736, 145441459]	[1348982, 129401213]	[1891680, 124595110]	[6640404, 16299]	[642725, 171031299]	[68356, 91744698]	[0, 0]
CONTROL_24hr_2	[1097297, 130694993]	[2227656, 122082543]	[71010069, 120129022]	[872484, 120421639]	[777922, 124902244]	[910150, 104043685]	[613898, 98207768]	[9395698, 94987271]	[533626, 90702639]	[862121, 61431566]	[3668034, 195471971]	[1606650, 182113224]	[748935, 160039680]	[2626885, 156508116]	[1530576, 151834684]	[5308938, 149736546]	[1428978, 145441459]	[1858109, 129401213]	[1557609, 124595110]	[7761850, 16299]	[587221, 171031299]	[182198, 91744698]	[0, 0]
CONTROL_24hr_3	[1176825, 130694993]	[2496687, 122082543]	[48860533, 120129022]	[796216, 120421639]	[819688, 124902244]	[935997, 104043685]	[579377, 98207768]	[6848527, 94987271]	[502596, 90702639]	[858063, 61431566]	[6439149, 195471971]	[1659136, 182113224]	[837138, 160039680]	[2402955, 156508116]	[1558116, 151834684]	[3782774, 149736546]	[1490231, 145441459]	[1743483, 129401213]	[1858088, 124595110]	[15850785, 16299]	[674472, 171031299]	[153623, 91744698]	[0, 0]
CONTROL_24hr_4	[2430705, 130694993]	[4714805, 122082543]	[59163424, 120129022]	[1702009, 120421639]	[1623346, 124902244]	[1897179, 104043685]	[1421688, 98207768]	[12947445, 94987271]	[1397388, 90702639]	[2535584, 61431566]	[5385229, 195471971]	[3343335, 182113224]	[1616552, 160039680]	[3852536, 156508116]	[3292764, 151834684]	[5388038, 149736546]	[2786844, 145441459]	[2425715, 129401213]	[2749837, 124595110]	[7655977, 16299]	[1270649, 171031299]	[220725, 91744698]	[0, 0]
CONTROL_24hr_5	[814012, 130694993]	[1860854, 122082543]	[56445845, 120129022]	[539408, 120421639]	[586403, 124902244]	[586375, 104043685]	[411804, 98207768]	[3721620, 94987271]	[405114, 90702639]	[680107, 61431566]	[3453933, 195471971]	[1050715, 182113224]	[556908, 160039680]	[1216206, 156508116]	[979196, 151834684]	[4304950, 149736546]	[915887, 145441459]	[807074, 129401213]	[1141971, 124595110]	[7606344, 16299]	[436484, 171031299]	[55854, 91744698]	[0, 0]
LIF_1hr_1	[1798243, 130694993]	[3249870, 122082543]	[42094653, 120129022]	[1258678, 120421639]	[1346654, 124902244]	[1586461, 104043685]	[1332663, 98207768]	[17659232, 94987271]	[1114160, 90702639]	[1737127, 61431566]	[3115575, 195471971]	[2623379, 182113224]	[1511267, 160039680]	[3059419, 156508116]	[2432076, 151834684]	[4432228, 149736546]	[2141707, 145441459]	[2296167, 129401213]	[2209692, 124595110]	[2096063, 16299]	[1155266, 171031299]	[134894, 91744698]	[0, 0]
LIF_1hr_2	[708185, 130694993]	[1363012, 122082543]	[64299095, 120129022]	[481825, 120421639]	[456477, 124902244]	[541290, 104043685]	[439726, 98207768]	[9517589, 94987271]	[329058, 90702639]	[427775, 61431566]	[1013425, 195471971]	[907811, 182113224]	[508522, 160039680]	[947646, 156508116]	[930030, 151834684]	[4937000, 149736546]	[897160, 145441459]	[701828, 129401213]	[919031, 124595110]	[1534313, 16299]	[389810, 171031299]	[41041, 91744698]	[0, 0]
LIF_1hr_3	[1024420, 130694993]	[2141941, 122082543]	[57080412, 120129022]	[792691, 120421639]	[748621, 124902244]	[871240, 104043685]	[641905, 98207768]	[15485685, 94987271]	[553286, 90702639]	[879744, 61431566]	[3061243, 195471971]	[1533566, 182113224]	[908010, 160039680]	[2235700, 156508116]	[1387566, 151834684]	[3880394, 149736546]	[1340371, 145441459]	[1621233, 129401213]	[1402872, 124595110]	[4941738, 16299]	[545214, 171031299]	[119177, 91744698]	[0, 0]
LIF_1hr_4	[2079771, 130694993]	[4005405, 122082543]	[43829455, 120129022]	[1256221, 120421639]	[1246087, 124902244]	[1517101, 104043685]	[1337318, 98207768]	[11590978, 94987271]	[1095594, 90702639]	[1634401, 61431566]	[5188466, 195471971]	[2581731, 182113224]	[1419969, 160039680]	[2981088, 156508116]	[2805906, 151834684]	[4830424, 149736546]	[2330649, 145441459]	[2020133, 129401213]	[2329241, 124595110]	[7456886, 16299]	[1189305, 171031299]	[123785, 91744698]	[0, 0]
LIF_1hr_5	[2259780, 130694993]	[4377326, 122082543]	[69352927, 120129022]	[1414441, 120421639]	[1342729, 124902244]	[1615131, 104043685]	[1268683, 98207768]	[12351589, 94987271]	[1077951, 90702639]	[1710466, 61431566]	[10120050, 195471971]	[2811133, 182113224]	[1652162, 160039680]	[3531934, 156508116]	[2858566, 151834684]	[5945755, 149736546]	[2613429, 145441459]	[2671607, 129401213]	[2882770, 124595110]	[20227364, 16299]	[1232482, 171031299]	[167728, 91744698]	[0, 0]
LIF_24hr_1	[1241606, 130694993]	[2761037, 122082543]	[48398005, 120129022]	[771915, 120421639]	[964900, 124902244]	[1086285, 104043685]	[723438, 98207768]	[9163427, 94987271]	[639379, 90702639]	[1298019, 61431566]	[3616109, 195471971]	[1731608, 182113224]	[973208, 160039680]	[1976730, 156508116]	[1540384, 151834684]	[4113590, 149736546]	[1554533, 145441459]	[1369889, 129401213]	[1899410, 124595110]	[6877419, 16299]	[736858, 171031299]	[74366, 91744698]	[0, 0]
LIF_24hr_2	[868539, 130694993]	[1899691, 122082543]	[48790594, 120129022]	[697843, 120421639]	[664628, 124902244]	[701512, 104043685]	[447266, 98207768]	[6189971, 94987271]	[413875, 90702639]	[655888, 61431566]	[2915660, 195471971]	[1260711, 182113224]	[609852, 160039680]	[1481682, 156508116]	[1143004, 151834684]	[3573550, 149736546]	[1142195, 145441459]	[985185, 129401213]	[1242623, 124595110]	[6780548, 16299]	[480119, 171031299]	[77471, 91744698]	[0, 0]
LIF_24hr_3	[722016, 130694993]	[1861182, 122082543]	[71265140, 120129022]	[447622, 120421639]	[490814, 124902244]	[653541, 104043685]	[391943, 98207768]	[12009908, 94987271]	[298908, 90702639]	[629605, 61431566]	[2754591, 195471971]	[1048067, 182113224]	[505558, 160039680]	[1180874, 156508116]	[945468, 151834684]	[4166155, 149736546]	[913746, 145441459]	[807799, 129401213]	[1206034, 124595110]	[6461982, 16299]	[399325, 171031299]	[70702, 91744698]	[0, 0]
LIF_24hr_4	[3679594, 130694993]	[5800320, 122082543]	[23628252, 120129022]	[2232650, 120421639]	[3203942, 124902244]	[3143963, 104043685]	[2245670, 98207768]	[8192187, 94987271]	[1888932, 90702639]	[4653901, 61431566]	[5769644, 195471971]	[4859375, 182113224]	[3031785, 160039680]	[4545227, 156508116]	[4178925, 151834684]	[4907882, 149736546]	[4125873, 145441459]	[3032505, 129401213]	[4986511, 124595110]	[4952597, 16299]	[1992894, 171031299]	[118435, 91744698]	[0, 0]
LIF_24hr_5	[806259, 130694993]	[1712129, 122082543]	[37574442, 120129022]	[492682, 120421639]	[529191, 124902244]	[615948, 104043685]	[390669, 98207768]	[3973652, 94987271]	[350644, 90702639]	[564692, 61431566]	[3037431, 195471971]	[1018704, 182113224]	[561330, 160039680]	[1108639, 156508116]	[1042614, 151834684]	[3319935, 149736546]	[951619, 145441459]	[787241, 129401213]	[1159716, 124595110]	[6699776, 16299]	[431300, 171031299]	[50021, 91744698]	[0, 0]
control_1hr_3	[1183521, 130694993]	[2403689, 122082543]	[41340349, 120129022]	[918259, 120421639]	[868910, 124902244]	[1061921, 104043685]	[807107, 98207768]	[14539885, 94987271]	[668572, 90702639]	[1153369, 61431566]	[2999232, 195471971]	[1859657, 182113224]	[1112149, 160039680]	[2118053, 156508116]	[1552435, 151834684]	[4158385, 149736546]	[1485609, 145441459]	[1431546, 129401213]	[1593695, 124595110]	[4514069, 16299]	[675125, 171031299]	[102077, 91744698]	[0, 0]
