#Insert size (bp)	insert size
20.0	256.0
21.0	416.0
22.0	567.0
23.0	744.0
24.0	921.0
25.0	1129.0
26.0	1212.0
27.0	1255.0
28.0	1406.0
29.0	1444.0
30.0	1756.0
31.0	1839.0
32.0	1974.0
33.0	1967.0
34.0	2057.0
35.0	2209.0
36.0	2214.0
37.0	2244.0
38.0	2507.0
39.0	2522.0
40.0	2582.0
41.0	2653.0
42.0	2789.0
43.0	2840.0
44.0	3008.0
45.0	3187.0
46.0	3323.0
47.0	3398.0
48.0	3471.0
49.0	3510.0
50.0	3756.0
51.0	3807.0
52.0	3886.0
53.0	4030.0
54.0	4323.0
55.0	4371.0
56.0	4433.0
57.0	4604.0
58.0	4829.0
59.0	4815.0
60.0	5220.0
61.0	5472.0
62.0	5785.0
63.0	5791.0
64.0	5977.0
65.0	6163.0
66.0	6333.0
67.0	6606.0
68.0	6950.0
69.0	6989.0
70.0	7216.0
71.0	7442.0
72.0	7756.0
73.0	7905.0
74.0	8213.0
75.0	8377.0
76.0	8520.0
77.0	8977.0
78.0	9400.0
79.0	9199.0
80.0	9546.0
81.0	9741.0
82.0	10311.0
83.0	10263.0
84.0	10791.0
85.0	10979.0
86.0	11188.0
87.0	11650.0
88.0	11902.0
89.0	12190.0
90.0	12815.0
91.0	13257.0
92.0	13854.0
93.0	14044.0
94.0	14131.0
95.0	14500.0
96.0	14642.0
97.0	15062.0
98.0	15606.0
99.0	15478.0
100.0	15866.0
101.0	16413.0
102.0	16574.0
103.0	17038.0
104.0	17185.0
105.0	17836.0
106.0	17633.0
107.0	18039.0
108.0	18462.0
109.0	19046.0
110.0	19195.0
111.0	19511.0
112.0	19626.0
113.0	20022.0
114.0	20058.0
115.0	19992.0
116.0	20058.0
117.0	20193.0
118.0	20077.0
119.0	20943.0
120.0	21805.0
121.0	22991.0
122.0	22649.0
123.0	21158.0
124.0	17303.0
125.0	17124.0
126.0	18588.0
127.0	19713.0
128.0	21414.0
129.0	24932.0
130.0	31530.0
131.0	46453.0
132.0	69229.0
133.0	78215.0
134.0	38932.0
135.0	36516.0
136.0	35221.0
137.0	37036.0
138.0	37185.0
139.0	40950.0
140.0	39617.0
141.0	36508.0
142.0	36379.0
143.0	35916.0
144.0	36577.0
145.0	36421.0
146.0	36676.0
147.0	37112.0
148.0	36810.0
149.0	37359.0
150.0	37355.0
151.0	37611.0
152.0	37676.0
153.0	37488.0
154.0	37420.0
155.0	37273.0
156.0	38230.0
157.0	38266.0
158.0	37888.0
159.0	37923.0
160.0	38126.0
161.0	37961.0
162.0	37877.0
163.0	38513.0
164.0	38016.0
165.0	38202.0
166.0	38088.0
167.0	38119.0
168.0	38352.0
169.0	38468.0
170.0	38152.0
171.0	38463.0
172.0	38506.0
173.0	37990.0
174.0	37657.0
175.0	37999.0
176.0	38734.0
177.0	37976.0
178.0	38366.0
179.0	38059.0
180.0	37666.0
181.0	37724.0
182.0	37585.0
183.0	37720.0
184.0	36811.0
185.0	37210.0
186.0	36960.0
187.0	36846.0
188.0	36986.0
189.0	36421.0
190.0	36133.0
191.0	36254.0
192.0	35673.0
193.0	35557.0
194.0	35403.0
195.0	35447.0
196.0	35075.0
197.0	35017.0
198.0	35169.0
199.0	34311.0
200.0	34436.0
201.0	34553.0
202.0	34155.0
203.0	34216.0
204.0	33643.0
205.0	33477.0
206.0	33022.0
207.0	32956.0
208.0	32460.0
209.0	32640.0
210.0	32394.0
211.0	32047.0
212.0	31563.0
213.0	31426.0
214.0	30719.0
215.0	30710.0
216.0	30623.0
217.0	30320.0
218.0	30036.0
219.0	29951.0
220.0	29405.0
221.0	29290.0
222.0	29195.0
223.0	29119.0
224.0	28259.0
225.0	28574.0
226.0	28008.0
227.0	27718.0
228.0	27371.0
229.0	27370.0
230.0	27187.0
231.0	27069.0
232.0	26519.0
233.0	25979.0
234.0	26141.0
235.0	25458.0
236.0	25583.0
237.0	25173.0
238.0	24725.0
239.0	24840.0
240.0	24281.0
241.0	24005.0
242.0	23761.0
243.0	23849.0
244.0	23474.0
245.0	23085.0
246.0	22847.0
247.0	22610.0
248.0	22552.0
249.0	22437.0
250.0	22123.0
251.0	21935.0
252.0	21584.0
253.0	21356.0
254.0	21224.0
255.0	21245.0
256.0	20935.0
257.0	20657.0
258.0	20380.0
259.0	20189.0
260.0	19758.0
261.0	19725.0
262.0	19302.0
263.0	19238.0
264.0	19092.0
265.0	18571.0
266.0	18620.0
267.0	18148.0
268.0	17905.0
269.0	17736.0
270.0	17502.0
271.0	17383.0
272.0	17242.0
273.0	16937.0
274.0	16853.0
275.0	16583.0
276.0	16326.0
277.0	16169.0
278.0	15978.0
279.0	15683.0
280.0	15544.0
281.0	15457.0
282.0	15079.0
283.0	15111.0
284.0	14891.0
285.0	14710.0
286.0	14598.0
287.0	14594.0
288.0	14312.0
289.0	14119.0
290.0	13920.0
291.0	13758.0
292.0	13630.0
293.0	13259.0
294.0	13324.0
295.0	13157.0
296.0	13200.0
297.0	12924.0
298.0	12626.0
299.0	12498.0
300.0	12541.0
301.0	12466.0
302.0	12098.0
303.0	11899.0
304.0	11757.0
305.0	11508.0
306.0	11585.0
307.0	11308.0
308.0	11106.0
309.0	10921.0
310.0	10843.0
311.0	10771.0
312.0	10666.0
313.0	10510.0
314.0	10316.0
315.0	10300.0
316.0	10072.0
317.0	9893.0
318.0	9834.0
319.0	9418.0
320.0	9496.0
321.0	9512.0
322.0	9421.0
323.0	9240.0
324.0	9124.0
325.0	8995.0
326.0	8813.0
327.0	8797.0
328.0	8638.0
329.0	8522.0
330.0	8444.0
331.0	8175.0
332.0	8051.0
333.0	8133.0
334.0	7889.0
335.0	7825.0
336.0	7744.0
337.0	7637.0
338.0	7613.0
339.0	7413.0
340.0	7139.0
341.0	7324.0
342.0	7113.0
343.0	7066.0
344.0	7024.0
345.0	6884.0
346.0	6955.0
347.0	6757.0
348.0	6640.0
349.0	6561.0
350.0	6504.0
351.0	6401.0
352.0	6238.0
353.0	6114.0
354.0	6082.0
355.0	6113.0
356.0	5892.0
357.0	5875.0
358.0	5708.0
359.0	5779.0
360.0	5680.0
361.0	5531.0
362.0	5424.0
363.0	5378.0
364.0	5281.0
365.0	5235.0
366.0	5203.0
367.0	5186.0
368.0	5011.0
369.0	4931.0
370.0	4880.0
371.0	4912.0
372.0	4843.0
373.0	4687.0
374.0	4632.0
375.0	4492.0
376.0	4509.0
377.0	4360.0
378.0	4347.0
379.0	4375.0
380.0	4272.0
381.0	4241.0
382.0	4157.0
383.0	4026.0
384.0	4016.0
385.0	4038.0
386.0	3914.0
387.0	3800.0
388.0	3836.0
389.0	3740.0
390.0	3605.0
391.0	3606.0
392.0	3644.0
393.0	3564.0
394.0	3479.0
395.0	3380.0
396.0	3412.0
397.0	3342.0
398.0	3316.0
399.0	3296.0
400.0	3147.0
401.0	3265.0
402.0	3191.0
403.0	2981.0
404.0	3077.0
405.0	3060.0
406.0	2966.0
407.0	2871.0
408.0	2887.0
409.0	2859.0
410.0	2796.0
411.0	2809.0
412.0	2705.0
413.0	2729.0
414.0	2620.0
415.0	2612.0
416.0	2540.0
417.0	2538.0
418.0	2518.0
419.0	2406.0
420.0	2385.0
421.0	2421.0
422.0	2317.0
423.0	2344.0
424.0	2308.0
425.0	2174.0
426.0	2150.0
427.0	2205.0
428.0	2092.0
429.0	2071.0
430.0	2006.0
431.0	2059.0
432.0	1978.0
433.0	1969.0
434.0	1987.0
435.0	1914.0
436.0	1840.0
437.0	1970.0
438.0	1867.0
439.0	1836.0
440.0	1771.0
441.0	1726.0
442.0	1767.0
443.0	1780.0
444.0	1724.0
445.0	1662.0
446.0	1620.0
447.0	1618.0
448.0	1640.0
449.0	1585.0
450.0	1596.0
451.0	1480.0
452.0	1528.0
453.0	1496.0
454.0	1542.0
455.0	1546.0
456.0	1472.0
457.0	1500.0
458.0	1418.0
459.0	1406.0
460.0	1342.0
461.0	1341.0
462.0	1296.0
463.0	1323.0
464.0	1231.0
465.0	1204.0
466.0	1216.0
467.0	1190.0
468.0	1165.0
469.0	1159.0
470.0	1222.0
471.0	1114.0
472.0	1114.0
473.0	1054.0
474.0	1113.0
475.0	1078.0
476.0	1004.0
477.0	1032.0
478.0	1059.0
479.0	1072.0
480.0	992.0
481.0	970.0
482.0	964.0
483.0	1011.0
484.0	931.0
485.0	896.0
486.0	878.0
487.0	892.0
488.0	873.0
489.0	922.0
490.0	883.0
491.0	838.0
492.0	855.0
493.0	839.0
494.0	788.0
495.0	796.0
496.0	754.0
497.0	719.0
498.0	756.0
