# Position (bp)	A	C	G	T	N
0.0	38.54010741827003	11.29310914347606	13.93854337441491	36.228240063838996	0.0
1.0	38.256356807609684	11.897525253666714	13.59558840999982	36.25052952872378	0.0
2.0	37.884563897238685	11.778312473813319	13.231068370198965	37.10605525874903	0.0
3.0	37.73039208016268	12.00953035800488	13.06416902962521	37.19590853220723	0.0
4.0	37.70769695715845	11.885500387983015	12.853994660380124	37.552807994478414	0.0
5.0	37.537240864144515	12.026176828692314	12.718751140913461	37.71783116624971	0.0
6.0	37.71076112473929	11.833148758888983	12.671412287152634	37.78467782921909	0.0
7.0	37.524071463052366	12.09911560734844	12.450133026887599	37.92667990271159	0.0
8.0	37.36051880196408	11.980764850998876	12.363894457029504	38.29482189000754	0.0
9.0	37.25689488412955	12.135726252628809	12.31664253000856	38.29073633323308	0.0
10.0	37.362691970461135	11.93712762757803	12.183803983678636	38.5163764182822	0.0
11.0	37.10754750111701	12.117160149768978	12.133502376866824	38.6417827283522	7.243894990180176E-6
12.0	37.20617313140831	12.09837673005944	12.17392331091203	38.521526827620214	0.0
13.0	37.027857412330036	12.256619616119927	12.11395110428833	38.60157186726171	0.0
14.0	37.11805114885277	12.075978606749803	12.100115264857084	38.70585497954034	0.0
15.0	37.275939084058734	12.14300636709394	12.149460677530191	38.43159387131713	0.0
16.0	37.28985460633487	12.129431307882344	12.087402229149317	38.49331185663347	0.0
17.0	37.35197100587567	12.126946651900711	12.035072331740256	38.481685405174225	0.004324605309137565
18.0	37.473480100440945	12.122325046896975	11.842305042156571	38.54885079952318	0.013039010982324318
19.0	37.392870036990224	12.090299787145389	11.885341022293233	38.63148190967616	7.243894990180176E-6
20.0	37.355515517215274	12.009505077191083	11.92232014639824	38.712659259195405	0.0
21.0	37.41476904516771	12.104793349415417	11.915761116637713	38.56467648877916	0.0
22.0	37.458369739244674	12.16243034573123	11.84489375439398	38.534306160630116	0.0
23.0	37.43569041019078	12.150612974187322	11.891515898690761	38.517593709553445	0.004587007377690492
24.0	37.52179244396221	12.024478997972645	11.823859869702295	38.623345903223466	0.006522785139385034
25.0	37.451379348113754	12.115122221512642	11.857723354172041	38.57576057853239	1.4497669173482805E-5
26.0	37.532680349854836	11.968526521146126	11.859751526388033	38.627956021928135	0.011085580682871769
27.0	37.58243761608525	11.97950858932066	11.886484476800643	38.53924151990725	0.012327797886188754
28.0	37.585439652818856	11.990847269485203	11.825669017976743	38.594344902459746	0.0036991572594438035
29.0	37.551834286986995	11.917232003006422	11.9009883319803	38.60063567237843	0.029309705647849692
30.0	37.6235034288255	11.947351841059303	11.888716490314318	38.510871088367175	0.029557151433703265
31.0	37.62759005562656	12.083795242677347	11.8510814921322	38.4317115548667	0.005821654697189752
32.0	37.685434235765484	11.920703058997319	11.830454276891164	38.55481849277345	0.008589935572578748
33.0	37.77214885732907	11.962314640689895	11.860410100766376	38.40440733140337	7.190698112921125E-4
34.0	37.73312075125252	11.90603269466678	11.82602378993434	38.52258021016215	0.012242553984213863
35.0	37.64473518288431	11.899539459554534	11.835638700514977	38.58290327633117	0.037183380715009665
36.0	37.72920271626121	11.893908769684897	11.71183347631996	38.65945674775705	0.005598289976879789
37.0	37.58669774854228	11.9371319318561	11.72726963294353	38.71537944820071	0.03352123845739174
38.0	37.685911857745644	11.818289234752314	11.700407485818467	38.773993432323344	0.02139798936022995
39.0	37.70358379685364	11.893564770806735	11.70667425573511	38.696177176604515	0.0
40.0	37.810094290610515	11.847355446730848	11.730168444483441	38.6123818181752	0.0
41.0	37.760293610850674	11.826972743430028	11.758536485339599	38.6541971603797	0.0
42.0	37.806729314483945	11.726618511054873	11.692054382353303	38.774597792107876	0.0
43.0	37.718093835256056	11.891851222489048	11.700700497163941	38.68231907189065	0.007035373200302324
44.0	37.773594186742145	11.823121479531483	11.748403266536728	38.65488106718964	0.0
45.0	37.96605407645897	11.850781840631194	11.764497692570398	38.418666390339446	0.0
46.0	38.01465424348017	11.81089065082863	11.689167429079541	38.485287676611655	0.0
47.0	37.99445551081041	11.754343379210642	11.633448941530848	38.6177521684481	0.0
48.0	38.03878224292214	11.660676898277135	11.708964860878119	38.591575997922604	0.0
49.0	37.94170210774478	11.737748696918821	11.676089995963519	38.64445919937288	0.0
50.0	37.9828679764791	11.667236387858383	11.645352362801576	38.70454327286094	0.0
51.0	38.08940304240659	11.68143657006656	11.673632561661366	38.52450945474652	0.031018371118960834
52.0	38.13036824836908	11.744515309943836	11.697524766726563	38.40689825569492	0.020693419265595314
53.0	38.16679065778817	11.695553544008296	11.662856535553692	38.472241258625935	0.0025580040239089087
54.0	38.28469373108994	11.684454618884025	11.630958378472773	38.392434308501684	0.0074589630515827995
55.0	38.22170052369885	11.737159940139058	11.652965352885188	38.38681644280951	0.0013577404673959176
56.0	38.138618346346256	11.707891019593482	11.69072063191727	38.45445653813552	0.00831346400747448
57.0	38.117082178263445	11.689484877718822	11.671273717775966	38.52215922624176	0.0
58.0	38.09307412492082	11.741902213119655	11.54465486531323	38.62036879664629	0.0
59.0	38.05610400766779	11.66783896849019	11.552421763112994	38.71165342101763	0.011981839711393692
60.0	38.20184530940586	11.63886942113941	11.566347501967542	38.592937767487186	0.0
61.0	38.2598013721851	11.631182073826068	11.592959750234623	38.51481098452818	0.0012458192260278028
62.0	38.11116221698768	11.686846601653498	11.66731668029408	38.534674501064735	0.0
63.0	38.188304933336795	11.657294523807783	11.700427870093675	38.45397267276176	0.0
64.0	38.10141577158025	11.71461973538885	11.682556497044647	38.501407995986256	0.0
65.0	38.04157799749279	11.714703072167245	11.670965572625	38.567767046028315	0.0049863116866495204
66.0	38.14240713909213	11.708422399443602	11.647529393852821	38.50074503773471	8.960298767462772E-4
67.0	38.076517524934886	11.714652423699848	11.617681450873143	38.591141187942604	7.41254952046364E-6
68.0	38.02719005187782	11.69595338483593	11.6007133320417	38.67614323124455	0.0
69.0	38.05005791363681	11.700270540956376	11.560628591561004	38.68653966447157	0.0025032893742348533
70.0	38.09026813117254	11.74472658306617	11.554831816416023	38.59610388528738	0.01406958405788221
71.0	38.0517024710696	11.643203218524983	11.53490408152326	38.73260156161593	0.037588667266219185
72.0	38.162419249887634	11.749293215238971	11.549940036030556	38.53682697059343	0.00152052824940241
73.0	38.140994379749756	11.807614952896925	11.553217530392805	38.49817313696051	0.0
74.0	38.08269509294609	11.75637747249036	11.585691878880475	38.57523555568307	0.0
75.0	38.2671858258355	11.70827565909479	11.606261271445204	38.38695323063766	0.031324012986859474
76.0	38.33591635025365	11.682987153632713	11.63562164736227	38.33957944254627	0.005895406205098559
77.0	38.287326747215225	11.643583298121372	11.65707048540597	38.41201946925742	0.0
78.0	38.29014587724551	11.657552014962647	11.712103958486436	38.34019814930541	0.0
79.0	38.1272612548204	11.676492518451118	11.695381443447868	38.50086478328061	0.0
80.0	38.11856167349989	11.622456959673638	11.635828843205513	38.62312992325443	2.2600366532744427E-5
81.0	38.232530768142595	11.637274484839912	11.674696090913377	38.45219408685811	0.0033045692460036778
82.0	38.17389913275092	11.674995180774058	11.715128319116712	38.43539550864011	5.818587182045381E-4
83.0	38.21418237794421	11.70291662999123	11.679666358605617	38.403098401400044	1.3623205890008202E-4
84.0	38.326767055700515	11.647029239816622	11.68595764210781	38.33026947475768	0.009976587617371786
85.0	38.322680442903064	11.676081761345385	11.645159649073515	38.35607814667804	0.0
86.0	38.31106883657364	11.617703182693019	11.570433393375247	38.50076415942805	3.042793004040753E-5
87.0	38.31142836784796	11.647957299891825	11.54193099259538	38.493021185828766	0.005662153836071121
88.0	38.32179788141429	11.665940865641405	11.504063315094657	38.50236506284999	0.005832874999656441
89.0	38.3629924542301	11.625717574797969	11.513391542465513	38.4935231823032	0.004375246203211829
90.0	38.4069968986384	11.60226541569857	11.509511979119363	38.48112607055991	9.963598376546609E-5
91.0	38.32191798444115	11.640944787067474	11.571140160915446	38.465981707332524	1.5360243404561086E-5
92.0	38.34012258364339	11.608909934718215	11.585350366416323	38.46561711522207	0.0
93.0	38.41797833932233	11.630960861366958	11.521103174202189	38.429425383821176	5.322412873451149E-4
94.0	38.25897199081567	11.667714299872436	11.573833170976599	38.49525959825154	0.0042209400837555115
95.0	38.28687063598645	11.598362141879312	11.5852830795675	38.529034743506266	4.493990604770263E-4
96.0	38.35663322002381	11.605876086637943	11.576093215803732	38.46138194539848	1.5532136028272837E-5
97.0	38.35857777534211	11.676646846427188	11.605216762591809	38.35955083119209	7.784446799845059E-6
98.0	38.366616483899634	11.59613662406594	11.64384042691665	38.393398661452984	7.803664788272528E-6
99.0	38.46359462880729	11.576215104293052	11.615743220102843	38.3443375289616	1.095178352141457E-4
100.0	38.536711304028266	11.587085596433946	11.521797249764667	38.35440584977312	0.0
101.0	38.539842077979095	11.573433944152912	11.545426503703517	38.34129747416447	0.0
102.0	38.54576077754857	11.576208151475775	11.578920148863428	38.29911092211222	0.0
103.0	38.48034827068245	11.672647440441478	11.600574590656333	38.24642969821975	0.0
104.0	38.437443345087566	11.621126983977248	11.597535551440618	38.34389411949457	0.0
105.0	38.49732361118631	11.676831864143704	11.622652987354897	38.20319153731509	0.0
106.0	38.44479810344382	11.631928997773766	11.543474385553365	38.355378821725566	0.024419691503478072
107.0	38.43883869012613	11.579012177370057	11.567809908450837	38.41433922405297	0.0
108.0	38.53837352161605	11.460435502564128	11.556475471873041	38.3987045391096	0.04601096483718077
109.0	38.58250200768383	11.520806619861741	11.551418669375867	38.345272703078564	0.0
110.0	38.519835823205995	11.490777525012392	11.5977423188818	38.391644332899816	0.0
111.0	38.5362545934005	11.566433683082675	11.643537950611972	38.23280938006371	0.020964392841141644
112.0	38.62090094461143	11.505315079408732	11.654713970059614	38.21907000592022	0.0
113.0	38.54669634567919	11.533873629625619	11.710649845805877	38.20878017888931	0.0
114.0	38.65546307858644	11.518888404579213	11.685484388212164	38.140164128622175	0.0
115.0	38.609697791872385	11.53000858910594	11.634782217480234	38.225462142665855	4.9258875587350517E-5
116.0	38.592898015204355	11.523947968005384	11.595934947894923	38.28721906889534	0.0
117.0	38.73630992355794	11.555538023921914	11.569646027220177	38.13850602529997	0.0
118.0	38.69949776873722	11.545284565896916	11.511659159399699	38.24355850596616	0.0
119.0	38.69925605419987	11.492890570711767	11.522672735095147	38.285180639993214	0.0
120.0	38.73082424202563	11.500287723707588	11.497810881554145	38.26911910857781	0.001958044134816861
121.0	38.67524138564576	11.58080419213962	11.51091894933946	38.227370691919376	0.005664780955779661
122.0	38.662888497665364	11.535623248875822	11.509088601997266	38.292399651461544	0.0
123.0	38.76942030000629	11.557655312793031	11.543655109616248	38.12926927758443	0.0
124.0	38.78507776100347	11.551409240459902	11.548897635140543	38.114615363396084	0.0
125.0	38.71719077754532	11.551655567539619	11.484689770450856	38.17244500648712	0.07401887797708406
126.0	38.862140323258714	11.535815981548685	11.473215148388194	38.12882854680441	0.0
127.0	38.68715170610055	11.637419014869979	11.483675897872235	38.191753381157234	0.0
128.0	38.8291875058651	11.532128569889371	11.57917968573504	38.05950423851049	0.0
129.0	38.89472910484484	11.630027649818263	11.534437272060655	37.94080597327624	0.0
130.0	39.00261883612196	11.726594378671527	11.399493556380179	37.87129322882633	0.0
131.0	39.03360244748551	11.923745868280191	11.165388167851644	37.87726351638266	0.0
132.0	36.24936882253014	10.41432655685284	13.14340086821722	40.1929037523998	0.0
