# Position (bp)	A	C	G	T	N
0.0	38.73182179936199	11.244521959007077	13.720652321004923	36.30300392062601	0.0
1.0	38.412469161621964	11.833060633905514	13.527908554686723	36.2265616497858	0.0
2.0	38.00005110157005	11.703285357791428	13.15944352282868	37.13722001780984	0.0
3.0	37.775495661571334	11.947798799870164	13.02845316493789	37.24825237362061	0.0
4.0	37.802925848782884	11.815178869690051	12.772765512875232	37.60912976865184	0.0
5.0	37.56811602706112	11.991023157528161	12.66189024707609	37.77897056833463	0.0
6.0	37.72589874886323	11.81037721475624	12.594078463621832	37.8696455727587	0.0
7.0	37.54585277637669	12.050514848318237	12.413521475434813	37.99011089987026	0.0
8.0	37.405643316719015	11.957659510238768	12.289191355506999	38.34750581753522	0.0
9.0	37.284048077114164	12.11772476883637	12.278350252053762	38.319876901995706	0.0
10.0	37.36743069822725	11.911588605864	12.13882971726637	38.58215097864238	0.0
11.0	37.123343102565585	12.119876712730631	12.101589921256267	38.655186478146035	3.785301485068405E-6
12.0	37.14808194042124	12.081775760632675	12.123561703726345	38.64658059521973	0.0
13.0	37.03828170024387	12.241157772312224	12.08567083586081	38.6348896915831	0.0
14.0	37.139434419178606	12.058549150720294	11.997783705980494	38.8042327241206	0.0
15.0	37.24644489216149	12.115008815020833	12.081147400586154	38.55739889223152	0.0
16.0	37.366096379453765	12.067164496900311	12.009220994417626	38.5575181292283	0.0
17.0	37.44400734727018	12.06382586099048	11.965610536008153	38.52232428867088	0.004231967060306477
18.0	37.51585615475827	12.081597851462877	11.817809654222172	38.57249467455397	0.012241665002711222
19.0	37.43387409519465	12.067444609210206	11.849066781235125	38.649599373154075	1.514120594027362E-5
20.0	37.41140373379622	11.994998609094859	11.860407219396741	38.73319043771218	0.0
21.0	37.45818690183238	12.062466915434584	11.84404726181517	38.63529702793744	1.892980427263855E-6
22.0	37.45928550908132	12.142573069871196	11.77250708266196	38.625634338385524	0.0
23.0	37.46695615929578	12.146671468188883	11.809084083883631	38.57283254570076	0.004455742930939223
24.0	37.54257308068693	12.011733307149376	11.753558804028042	38.68608885960872	0.00604594852693078
25.0	37.473479366196635	12.092634122260614	11.825485817542585	38.60838364258537	1.7051414789987954E-5
26.0	37.57685451869623	11.947634086905474	11.767853301092327	38.69755119250438	0.010106900801593028
27.0	37.56162293392967	11.977486004393656	11.83995983410792	38.608851431072	0.012079796496756645
28.0	37.61684720707952	11.95925773961628	11.777067464790239	38.643184617430386	0.0036429710835709323
29.0	37.62985917550347	11.908885464671515	11.826886366729887	38.60553347836459	0.02883551473053733
30.0	37.67603596923066	11.932687583430807	11.8131780745961	38.54881028729957	0.029288085442865004
31.0	37.644565213408136	12.060110291161383	11.78275234466549	38.5071608255905	0.005411325174485332
32.0	37.734266108865455	11.917589990275172	11.768202424586995	38.571997491433194	0.007943984839184171
33.0	37.766656900297264	11.951373628738736	11.78948261028467	38.49174948933709	7.373713422414253E-4
34.0	37.783695232041396	11.866171506404383	11.765594811293589	38.57330727823108	0.011231172029556064
35.0	37.63581740856614	11.894050456200096	11.791255062158124	38.64210668563636	0.0367703874392813
36.0	37.72191993033392	11.87574366161312	11.670430774330747	38.72655955852267	0.005346075199541923
37.0	37.595737075153295	11.921974641970001	11.673002026272865	38.775896826107555	0.03338943049627776
38.0	37.71822180753857	11.811847870835686	11.620298212917632	38.828865749661084	0.020766359047032924
39.0	37.71992111145453	11.886244245454531	11.67109297372157	38.72274166936937	0.0
40.0	37.84432568092676	11.81605111040905	11.681892847794314	38.65773036086988	0.0
41.0	37.80978063088233	11.812804378355501	11.707966933933383	38.669448056828784	0.0
42.0	37.83459985049849	11.72214603503537	11.618682742582141	38.824571371884	0.0
43.0	37.728828487148604	11.882026919774482	11.62787022810608	38.75457909193487	0.006695273035966781
44.0	37.80458407303938	11.821036654826017	11.668693473335823	38.70568579879878	0.0
45.0	37.937573894076266	11.820568858378575	11.716392763183157	38.525464484362	0.0
46.0	38.033528923089406	11.759191857340848	11.649188055002629	38.55809116456712	0.0
47.0	38.02890135504521	11.735343610718541	11.578174865081612	38.657580169154635	0.0
48.0	38.06810759473165	11.642028024997082	11.645012997186226	38.64485138308504	0.0
49.0	37.94344624811641	11.696978991858458	11.608036882658116	38.75153787736702	0.0
50.0	38.04492482242728	11.624301306927768	11.579806970802366	38.75096689984259	0.0
51.0	38.076495742540246	11.66524489390542	11.626640103168478	38.600955620361425	0.030663640024429464
52.0	38.17244048935536	11.692375040558417	11.634398183844342	38.48073061261488	0.02005567362700454
53.0	38.19442939659013	11.653299360998078	11.624562075365855	38.52523052083323	0.002478646212703639
54.0	38.28192640260124	11.660040291560376	11.585544490271932	38.4653221650172	0.007166650549246437
55.0	38.233840649208574	11.701292659393632	11.631661900189357	38.431845831951485	0.001358959256955775
56.0	38.16753910338221	11.685902795280445	11.647921470200432	38.49067650784336	0.00796012329355098
57.0	38.10468751704649	11.683920978217078	11.649834263414247	38.561557241322184	0.0
58.0	38.09601042244149	11.720515528960455	11.531470591844819	38.652003456753235	0.0
59.0	38.05811861929732	11.663208830133168	11.537424476917474	38.729525610284306	0.011722463367737216
60.0	38.202390802794056	11.61083759189607	11.527102741451314	38.65966111869954	7.745159019054699E-6
61.0	38.265936605331085	11.610909348589738	11.534689865941008	38.58712485396305	0.0013393261751162577
62.0	38.14769694548415	11.682031914238689	11.603402399936687	38.566868740340475	0.0
63.0	38.17033764102107	11.650764257080851	11.645211292628154	38.53368680926993	0.0
64.0	38.103675163287875	11.704596715109904	11.64249560184357	38.54923251975865	0.0
65.0	38.04688872580749	11.734020014060677	11.622398450654938	38.59190833301248	0.004784476464405033
66.0	38.08268928880031	11.722278251324045	11.583017233453527	38.61137800554386	6.372208782556189E-4
67.0	38.092812109912295	11.696966191269137	11.561792525942769	38.64842722198004	1.9508957586648305E-6
68.0	38.05878633787788	11.682959419394773	11.534354826328808	38.72389941639854	0.0
69.0	38.02472568921023	11.716335798236404	11.522249003806232	38.73421375224072	0.0024757565064142334
70.0	38.09551221657983	11.716194812790102	11.49094930628993	38.68364151327277	0.013702151067370742
71.0	38.06764225872411	11.645860781082446	11.468388917226758	38.78100567206539	0.03710237090129569
72.0	38.169842264327954	11.733856457012806	11.47139881273246	38.623571518927754	0.0013309469990207528
73.0	38.144643692933634	11.77122712630094	11.475250134406782	38.608879046358645	0.0
74.0	38.137745872839965	11.734578387007245	11.496249288929743	38.631426451223035	0.0
75.0	38.28019314454193	11.675255082209581	11.517444474176726	38.49655987696828	0.030547422103482318
76.0	38.375662899736184	11.640154888189942	11.571394341311958	38.40725702384496	0.005530846916954531
77.0	38.33330450609301	11.62235458592799	11.607349266066699	38.43699164191231	0.0
78.0	38.29101365575394	11.628179528837153	11.655148788632232	38.425658026776674	0.0
79.0	38.201989424971686	11.649407417350002	11.613662322759032	38.53494083491928	0.0
80.0	38.190602429127	11.612452141709685	11.5623870081882	38.63455842097512	0.0
81.0	38.23133500629853	11.632055501274333	11.584336993455977	38.54908649207256	0.0031860068985998815
82.0	38.2038501858135	11.650474413396635	11.61646160812822	38.528763608533346	4.50184128296421E-4
83.0	38.29386686319479	11.664257251156213	11.615806241932106	38.42594993277333	1.1971094356145764E-4
84.0	38.33577016891559	11.613170499595627	11.656148792789606	38.385151738156694	0.009758800542487785
85.0	38.36943610331718	11.618387113209453	11.609062089383897	38.40311469408947	0.0
86.0	38.382573150801505	11.581940505193982	11.548983026958872	38.48647724626451	2.607078112793109E-5
87.0	38.34267970501823	11.619476620597045	11.52387799843868	38.508308310810015	0.005657365136029296
88.0	38.36188842697804	11.626554018159801	11.452899869510828	38.55318331892119	0.00547436643013848
89.0	38.41861611690977	11.615738711272838	11.453347449894244	38.50791024027128	0.004387481651868292
90.0	38.454818964761216	11.57782721591444	11.455127517078713	38.51212528989787	1.0101234776959382E-4
91.0	38.39700260534581	11.61244881778061	11.506519599364923	38.48402695321584	2.0242928092585E-6
92.0	38.39389960009342	11.578291977441525	11.53409344238492	38.49371498008013	0.0
93.0	38.43251508121149	11.60317871671898	11.489786699295033	38.47403571201123	4.8379076325940896E-4
94.0	38.295850977480114	11.640821471100537	11.52373623610905	38.535348225756074	0.004243089554224434
95.0	38.32635088454139	11.58234545647961	11.539416374755103	38.55155044944885	3.368347750508156E-4
96.0	38.39400528237558	11.606340471033986	11.52426188500749	38.475384178070286	8.183512652508453E-6
97.0	38.425721145506294	11.631613878610834	11.559162847134024	38.383502128748844	0.0
98.0	38.42586216757902	11.553192401951843	11.592504004170713	38.42843526073973	6.165558691792579E-6
99.0	38.5304331423707	11.544180446005575	11.559205541973895	38.36608817300621	9.269664362138843E-5
100.0	38.591467411978506	11.537912054091905	11.494705380974557	38.37591515295503	0.0
101.0	38.575266702852964	11.573507091598476	11.513018126156833	38.33820807939173	0.0
102.0	38.58506867263545	11.551809730377569	11.523123292236164	38.339998304750814	0.0
103.0	38.544908066022835	11.612031175801759	11.544412978591884	38.298647779583526	0.0
104.0	38.48473049088375	11.594277881163418	11.550779170984944	38.37021245696789	0.0
105.0	38.50031645236163	11.636747394912978	11.579727011333244	38.283209141392156	0.0
106.0	38.52919352813929	11.564927348911965	11.509235626126491	38.37296995558476	0.023673541237499887
107.0	38.514837824117166	11.531011749642897	11.478065795520212	38.47608463071973	0.0
108.0	38.60539027710509	11.456757601021307	11.503417242926204	38.38859711773186	0.04583776121554721
109.0	38.62700965343718	11.489732068750216	11.506957556427947	38.37630072138466	0.0
110.0	38.585619794431395	11.467115428250828	11.537583775608809	38.40968100170897	0.0
111.0	38.59402375131828	11.532561207104095	11.564654365947122	38.28848404016861	0.020276635461890447
112.0	38.6799667246271	11.45667592498629	11.594088206174279	38.26926914421232	0.0
113.0	38.60264713258098	11.488624858079502	11.647797786697797	38.260930222641726	0.0
114.0	38.67368226464385	11.494881836315331	11.63688293684531	38.19455296219551	0.0
115.0	38.65525465505557	11.497715814564415	11.584325202695018	38.26262686338754	7.746429745842652E-5
116.0	38.65190785378298	11.510829679604525	11.536198493961944	38.30106397265055	0.0
117.0	38.776801418307464	11.536413345467459	11.516596959551334	38.17018827667374	0.0
118.0	38.75287494342681	11.501112254670987	11.485814569984257	38.26019823191794	0.0
119.0	38.7682084620949	11.455485338216143	11.466060640089225	38.31024555959973	0.0
120.0	38.74330925733233	11.477083824743193	11.44167605278649	38.33616036711506	0.0017704980229292845
121.0	38.6834096597067	11.536825564707915	11.430875033934774	38.343388557039496	0.005501184611121502
122.0	38.69224588737439	11.508699548262062	11.434314932354885	38.364739632008664	0.0
123.0	38.75202754112399	11.5171399326768	11.46557428144102	38.2652582447582	0.0
124.0	38.817985815365816	11.484811345289735	11.474176513848034	38.22302632549642	0.0
125.0	38.77836061212491	11.495929826968634	11.413067260752964	38.239294476279454	0.07334782387404533
126.0	38.873045637566754	11.483083747816169	11.40012895270383	38.24374166191325	0.0
127.0	38.7663968276586	11.540082136771966	11.418069698334213	38.275451337235225	0.0
128.0	38.85151521303357	11.468930646647312	11.491178094714517	38.1883760456046	0.0
129.0	38.874468090663655	11.572383178818454	11.480535267485505	38.07261346303238	0.0
130.0	38.979412739152295	11.649132769156433	11.3504433986116	38.02101109307967	0.0
131.0	39.05202438575437	11.831341078554098	11.12258430680708	37.99405022888444	0.0
132.0	36.11206219650743	10.177576248188789	13.178900213886847	40.531461341416936	0.0
