#Coverage (X)	Coverage
1.0	61.613192328988504
2.0	43.012111640714224
3.0	26.495639125213643
4.0	16.42024394270075
5.0	9.517817381521567
6.0	5.51294024327791
7.0	3.0662693805535355
8.0	1.7031383395640631
9.0	0.9229308875862614
10.0	0.5025995845078768
11.0	0.27247695324366816
12.0	0.1510386022846717
13.0	0.08609581979693814
14.0	0.05181575789843862
15.0	0.033583868988884547
16.0	0.023791305743998237
17.0	0.01827694423985804
18.0	0.014988088575904612
19.0	0.013002792220788706
20.0	0.01167630165669209
21.0	0.010703319323638993
22.0	0.009926885365644011
23.0	0.009267345774446767
24.0	0.008712702917293313
25.0	0.008231183246905971
26.0	0.00783500453609065
27.0	0.007459592370025803
28.0	0.007145379137995178
29.0	0.00684584190932469
30.0	0.006596203092101405
31.0	0.0063810528827730195
32.0	0.006175919045745104
33.0	0.005981828901255426
34.0	0.005800250049631472
35.0	0.005650921715400159
36.0	0.005503391191581386
37.0	0.005366500770193738
38.0	0.005238966300950665
39.0	0.005126144525092968
40.0	0.005008442978109429
41.0	0.004900611043396452
42.0	0.004804666671404334
43.0	0.00472670040353762
44.0	0.004642606904255331
45.0	0.00456225578584224
46.0	0.004487371478674618
47.0	0.004405626139941887
48.0	0.004341638765268385
49.0	0.004266607698070857
50.0	0.004204161303761111
51.0	0.00414244870961511
