# Position (bp)	A	C	G	T	N
0.0	38.76744954581806	11.063501025845545	13.509573675459851	36.65947575287654	0.0
1.0	38.486012179611336	11.617724623302141	13.305935600379229	36.5903275967073	0.0
2.0	38.05532286904481	11.537541369695578	12.933433516266252	37.47370224499336	0.0
3.0	37.8361175189668	11.76441248357185	12.82784252031242	37.57162747714892	0.0
4.0	37.85349395660214	11.641956277492385	12.599750287876713	37.904799478028764	0.0
5.0	37.64620841892641	11.799001130316078	12.497351152799492	38.05743929795801	0.0
6.0	37.785964246072396	11.653203282705741	12.407502255758276	38.15333021546359	0.0
7.0	37.65111938163616	11.868506880857396	12.220093667475165	38.260280070031286	0.0
8.0	37.54676009963056	11.780498932620533	12.110958513967054	38.56178245378186	0.0
9.0	37.44548142691915	11.938367576923582	12.081924499802291	38.534226496354975	0.0
10.0	37.50697971237334	11.73059730021017	11.9389874071685	38.82343558024799	0.0
11.0	37.27127469308337	11.931337536453434	11.90056587852514	38.89682189193805	0.0
12.0	37.313621813277884	11.906115213410203	11.906634387461501	38.87362858585041	0.0
13.0	37.18184696274704	12.052305090406215	11.878095707723233	38.887752239123515	0.0
14.0	37.286796937678346	11.891112142866527	11.793819985191885	39.02827093426324	0.0
15.0	37.36611401825034	11.936484246564023	11.875306471621098	38.822095263564535	0.0
16.0	37.52221853031786	11.881382927099063	11.790183117985588	38.80621542459749	0.0
17.0	37.578954188505534	11.881557751014297	11.764449567432656	38.770726169805094	0.004312323242426311
18.0	37.68936343751709	11.889361254866992	11.602454019191216	38.80655182819196	0.012269460232751026
19.0	37.61985503812856	11.85982131088693	11.637784343151585	38.882534010138514	5.2976944010151225E-6
20.0	37.587595819734645	11.800850344060043	11.647577444470295	38.96397639173502	0.0
21.0	37.62197903268482	11.843182461910045	11.646758105289825	38.88807775078017	2.6493351400739254E-6
22.0	37.627658646489515	11.93326079359785	11.574915666198084	38.86416489371455	0.0
23.0	37.6373856015559	11.948251902671949	11.600906902794126	38.80894217519386	0.004513417784159404
24.0	37.689624286668916	11.809975639275502	11.552687091615368	38.941724595933685	0.005988386506529594
25.0	37.647287890773924	11.895902017567076	11.618014095175447	38.83878273847199	1.32580115644862E-5
26.0	37.747840260807344	11.75970583634197	11.562814456079606	38.9195816265055	0.010057820265584808
27.0	37.71247478118934	11.778057485622227	11.614834338548139	38.88249228179693	0.012141112843365848
28.0	37.76759972619267	11.763066898999297	11.57371561115548	38.89213293345283	0.003484830199724298
29.0	37.779989251853664	11.704506211195048	11.618719106745724	38.8676330546414	0.0291523755641602
30.0	37.8411829832646	11.72814002398858	11.593444977414787	38.808261597218014	0.028970418114025516
31.0	37.791330183486274	11.85974150279353	11.571371193235425	38.772115018090076	0.005442102394697777
32.0	37.89658094984376	11.727720681170174	11.540764076556263	38.82719815706646	0.007736135363334244
33.0	37.90680210058124	11.745937600944089	11.59528929137898	38.751258206351295	7.128007443980312E-4
34.0	37.932096477343045	11.660357641348236	11.568778363405713	38.82748508710117	0.011282430801845019
35.0	37.78964208071002	11.706269397248324	11.576349414337777	38.890962921889525	0.03677618581435438
36.0	37.850843125147726	11.688446664951691	11.467238216381762	38.98820081326933	0.005271180249486905
37.0	37.759299033834914	11.728258887088936	11.454192142954527	39.024866356419054	0.033383579702570346
38.0	37.91595926406203	11.60700825451317	11.393271658011633	39.06331798356115	0.020442839852013783
39.0	37.899319833731205	11.683655617046083	11.432110732891186	38.98491381633152	0.0
40.0	38.03054858391317	11.611926613463453	11.461723514561928	38.89580128806144	0.0
41.0	38.00895431180321	11.615913280510924	11.487773622519375	38.88735878516649	0.0
42.0	38.02345081456661	11.525372471634142	11.393587346276187	39.057589367523065	0.0
43.0	37.913751415875815	11.684607556047663	11.402563543468853	38.99251253797842	0.0065649466292569
44.0	37.96862516069272	11.621262057188424	11.463801054447668	38.94631172767119	0.0
45.0	38.08684263415395	11.628670769527032	11.50775700440605	38.77672959191296	0.0
46.0	38.19721643267624	11.556528884597054	11.443393494745896	38.80286118798081	0.0
47.0	38.19284958189487	11.546838820661483	11.362228006447731	38.89808359099591	0.0
48.0	38.22415869407656	11.440945969285304	11.423790218383264	38.91110511825488	0.0
49.0	38.101603064777905	11.498072431095366	11.382362984834367	39.01796151929236	0.0
50.0	38.2503959587234	11.421138938592817	11.351506416609762	38.97695868607403	0.0
51.0	38.26466512145621	11.460949409488371	11.403808067478684	38.839934755231006	0.030642646345729295
52.0	38.35734622826962	11.495175150593116	11.421950549118574	38.70568519541358	0.019842876605108535
53.0	38.389194715870005	11.44848145636251	11.440234093660088	38.719469001282626	0.002620732824772901
54.0	38.46540515039098	11.455315286381332	11.369103697895142	38.703180490825126	0.006995374507415785
55.0	38.381773866785494	11.494611464552621	11.423145827860251	38.69911982168557	0.001349019116059541
56.0	38.36553149810369	11.474188554157378	11.445567183139428	38.7070598760756	0.007652888523904974
57.0	38.27590035583187	11.48221332549443	11.462604354591601	38.779281964082095	0.0
58.0	38.25729090694286	11.531487670767335	11.345164921685441	38.866056500604365	0.0
59.0	38.23016998987075	11.470310688660074	11.339556748285139	38.94824029166141	0.011722281522627158
60.0	38.374378833903506	11.410419478485036	11.332505364862708	38.88268548026147	1.0842487283930913E-5
61.0	38.45586875212984	11.398481142790502	11.32916516741181	38.815060413786476	0.0014245238813831251
62.0	38.35208869934329	11.469929809167247	11.39908924238187	38.77889224910759	0.0
63.0	38.351109902195	11.436453122777442	11.451267572206234	38.76116940282133	0.0
64.0	38.28448036298649	11.496093156195785	11.440408272691121	38.7790182081266	0.0
65.0	38.240546909855205	11.51713304028102	11.416705071981688	38.82123527300387	0.004379704878206322
66.0	38.26440031530937	11.518620527781652	11.391499193240119	38.824942423896715	5.375397721448037E-4
67.0	38.281040110269785	11.490802026726994	11.354568438097628	38.87358669296686	2.731938729608058E-6
68.0	38.22296330596048	11.483690845025116	11.326332123489026	38.967013725525376	0.0
69.0	38.20990657111889	11.4999435380295	11.296724266275804	38.99122082776508	0.0022047968107189605
70.0	38.2792874315319	11.501653589915845	11.274959620110918	38.93092735305823	0.013172005383107626
71.0	38.26268463585805	11.42748356992134	11.241296150039599	39.03223733568548	0.03629830849552875
72.0	38.32803757888804	11.535972286903805	11.246625958862925	38.88812118897146	0.0012429863737618775
73.0	38.346570949072856	11.548353542569709	11.266211647893833	38.838863860463604	0.0
74.0	38.3255856950861	11.53600426170665	11.291743781766025	38.84666626144123	0.0
75.0	38.47262820917194	11.450825167899902	11.306686067868338	38.74003181511307	0.029828739946747965
76.0	38.57371917528635	11.433169786080393	11.354778633647745	38.63290532520171	0.00542707978379864
77.0	38.52619238325056	11.419796762274228	11.386436139090472	38.66757471538474	0.0
78.0	38.48771798638032	11.421691892807138	11.45383006106918	38.63676005974337	0.0
79.0	38.42184235816349	11.43107786740108	11.393240678263439	38.753839096171994	0.0
80.0	38.396551199041056	11.411124630238444	11.352551849577527	38.83976953726557	2.7838774078382073E-6
81.0	38.45555770210617	11.410489545901928	11.356704324501344	38.77386036009106	0.003388067399507969
82.0	38.387332731718836	11.43688134486483	11.401268843074988	38.77403103631347	4.860440278792619E-4
83.0	38.50648280416433	11.443963303984543	11.376996013918408	38.6724263610251	1.3151690761776708E-4
84.0	38.5455130588869	11.393257705656461	11.433205356012758	38.61810004209221	0.00992383735166982
85.0	38.578542815563694	11.407829029097073	11.394570189044211	38.619057966295024	0.0
86.0	38.58437574759137	11.37444429568824	11.336398911689857	38.70475853463396	2.2510396567344606E-5
87.0	38.55344724673934	11.403127876690153	11.308857862876966	38.72884394030277	0.005723073390776075
88.0	38.55924456685824	11.425365825217442	11.243735683822878	38.766411062077296	0.005242862024142475
89.0	38.623278940171865	11.392468084854656	11.238589633773193	38.74127053400318	0.004392807197116439
90.0	38.6435720187095	11.36942163519107	11.245132414438165	38.741788838970365	8.509269090091376E-5
91.0	38.61342598495002	11.385827824098943	11.292214260672727	38.70852908764611	2.842632194407161E-6
92.0	38.59954438076544	11.364878707718477	11.318791407271274	38.71678550424481	0.0
93.0	38.615830772199814	11.386033999150943	11.284056993123876	38.71365273639632	4.2549912904040697E-4
94.0	38.51407009143522	11.405306659868181	11.306432088004323	38.76996357434898	0.00422758634329896
95.0	38.528627988962164	11.364691578401317	11.335091835948054	38.77137628875577	2.1230793268794208E-4
96.0	38.581612237859005	11.38267605140036	11.31175879147257	38.7239414155964	1.1503671670025691E-5
97.0	38.62728634802121	11.40430734620205	11.351311472021093	38.617094833755644	0.0
98.0	38.62056304076686	11.33847439845009	11.3932481849662	38.64770859524732	5.780569523097523E-6
99.0	38.709843982175855	11.318778090733304	11.363742387899151	38.60756310025439	7.243893730804044E-5
100.0	38.78509379411831	11.312803325721905	11.306699735093709	38.59540314506608	0.0
101.0	38.78367609281081	11.356058248677872	11.296465254931103	38.56380040358022	0.0
102.0	38.782004661808585	11.335434313327232	11.318975682584835	38.56358534227935	0.0
103.0	38.77462109513444	11.377415907228507	11.33669931989358	38.51126367774347	0.0
104.0	38.724229285003865	11.360737805869265	11.322152311671408	38.59288059745546	0.0
105.0	38.73302384064458	11.401802309976711	11.352292668953417	38.512881180425296	0.0
106.0	38.753243086142035	11.339323689533279	11.287059200204155	38.59724414472316	0.023129879397364887
107.0	38.755032089936606	11.312867187898746	11.243787452317727	38.68831326984692	0.0
108.0	38.83811965450352	11.23101541347459	11.27288745408723	38.612525233750155	0.04545224418450153
109.0	38.87170991465524	11.250659293409134	11.273429261859317	38.60420153007631	0.0
110.0	38.85018966489844	11.236600308567969	11.298228395069849	38.61498163146375	0.0
111.0	38.844866045820154	11.302548233309667	11.331108184597584	38.50147777202266	0.019999764249929507
112.0	38.94358016263668	11.208595703700842	11.366052528778818	38.48177160488366	0.0
113.0	38.865822200541835	11.252576377884195	11.418984416723626	38.462617004850344	0.0
114.0	38.90750584354395	11.255666248832853	11.428908037198742	38.407919870424465	0.0
115.0	38.90170380763894	11.265815258339824	11.355499424043018	38.47689639468012	8.511529809474877E-5
116.0	38.9080055718129	11.276536402574983	11.314957544104772	38.50050048150735	0.0
117.0	39.04093560519876	11.295014483056404	11.286766965944796	38.37728294580003	0.0
118.0	39.02373082296908	11.270079161328447	11.263807880145954	38.44238213555652	0.0
119.0	39.02589893828019	11.223422267545594	11.238905662052213	38.511773132121995	0.0
120.0	39.02021954367497	11.238901551388167	11.206660256808677	38.532540155988904	0.0016784921392837553
121.0	38.97313133640324	11.295759940446393	11.177345022785424	38.54851083638781	0.005252863977133963
122.0	38.95117396200357	11.258457368913378	11.192621651845222	38.59774701723783	0.0
123.0	39.02752826962371	11.261414275913333	11.231701766711694	38.479355687751266	0.0
124.0	39.052470426090764	11.258245029680028	11.24217598373232	38.447108560496886	0.0
125.0	39.05588763494522	11.250742645528883	11.170160210981994	38.45051237206112	0.07269713648277956
126.0	39.168668045719095	11.24689281297224	11.152473580018068	38.431965561290596	0.0
127.0	39.066867144087894	11.28663772962257	11.164558776891969	38.48193634939757	0.0
128.0	39.11504025721037	11.239640855142776	11.25213792759676	38.393180960050096	0.0
129.0	39.15045871595442	11.33769075596293	11.221622059063368	38.290228469019276	0.0
130.0	39.27239728379993	11.396664146215262	11.102780226048498	38.228158343936315	0.0
131.0	39.36139888457848	11.572458817612084	10.881068496966474	38.185073800842964	0.0
132.0	36.285085052583504	9.883240066425673	12.992343950552362	40.839330930438464	0.0
