#Coverage (X)	Coverage
1.0	37.47127891924211
2.0	19.532919359552608
3.0	7.7906793369657095
4.0	3.472838665067073
5.0	1.3452649514637756
6.0	0.5580225205832505
7.0	0.2172743773588195
8.0	0.09147875769093616
9.0	0.04000674848128938
10.0	0.020829724955078177
11.0	0.012683442387597665
12.0	0.00933045258894083
13.0	0.007656764475257205
14.0	0.006709832048173325
15.0	0.006074471172524909
16.0	0.005636722682169193
17.0	0.005265016206962514
18.0	0.0049763392207893276
19.0	0.004709272649563445
20.0	0.004468145914287902
21.0	0.004272771619497462
22.0	0.004109244252006761
23.0	0.003955476426753535
24.0	0.003831537578335542
25.0	0.0036946471569478945
26.0	0.0035777894801611865
27.0	0.0034674626248687446
28.0	0.0033670420718436844
29.0	0.003271758120007462
30.0	0.003185206390170947
31.0	0.0031040114015610243
32.0	0.003029200474415461
33.0	0.002951380966578654
34.0	0.002880972840443974
35.0	0.0028149308253091476
36.0	0.002752080840906501
37.0	0.002692973237358842
38.0	0.002631517473275835
39.0	0.002574537890211559
40.0	0.0025189525274669222
41.0	0.0024599916839491698
42.0	0.0024091393322862587
43.0	0.002354948189861261
44.0	0.002307214488922682
45.0	0.002264360559095735
46.0	0.0022244785199490025
47.0	0.0021834590905456253
48.0	0.002145668381885457
49.0	0.002108061123266225
50.0	0.0020726919551634637
51.0	0.0020326264659757953
