#Position (bp)	insert size
3406923.0	210.0669325472516
1.0220768E7	208.6910292350821
1.7034613E7	208.05638097350038
2.3848458E7	207.79450723674117
3.0662303E7	206.72886670506176
3.7476148E7	207.98036228203827
4.4289993E7	208.02476303905513
5.1103838E7	206.40372235324114
5.7917683E7	208.1080506329114
6.4731528E7	208.18092231151934
7.1545373E7	208.6771529888551
7.8359218E7	206.96370880895972
8.5173063E7	209.32696203646614
9.1986908E7	208.72023499313025
9.8800753E7	207.83204288266825
1.05614598E8	208.1151931099448
1.12428443E8	206.6797259311314
1.19242288E8	209.20105432042172
1.26056133E8	207.8762623833798
1.300790245E8	208.47647562018818
1.33485947E8	205.93082077051926
1.39683823E8	210.19437601673252
1.46497668E8	207.44650079666627
1.53311513E8	208.62043865074457
1.60125358E8	207.4075582342401
1.66939203E8	207.84277392788994
1.73753048E8	207.66195623517004
1.80566893E8	208.68645696810833
1.87380738E8	207.91840388287716
1.94194583E8	208.25344806290914
2.01008428E8	207.1907095256762
2.07822273E8	208.40416803413194
2.14636118E8	207.47815019092067
2.21449963E8	207.6440669787193
2.28263808E8	204.8383138279741
2.35077653E8	206.47818533580764
2.41891498E8	207.1434602829162
2.48705343E8	206.0177983299511
2.52444901E8	207.9120879120879
2.558518235E8	200.7809081372696
2.62333033E8	208.974764866115
2.69146878E8	211.1720877828941
2.75960723E8	214.32681475183335
2.82774568E8	209.3668565018552
2.89588413E8	208.35658000868648
2.96402258E8	208.8219642296831
3.03216103E8	207.486085453787
3.10029948E8	208.27420245060162
3.16843793E8	206.79651162790697
3.23657638E8	209.16897466827504
3.30471483E8	206.8842168011739
3.37285328E8	208.5895425926698
3.44099173E8	210.12191220899237
3.50913018E8	208.59398614609572
3.57726863E8	207.0065066947495
3.64540708E8	208.2625511197663
3.704270945E8	210.32476089266737
3.73834017E8	0.0
3.78168398E8	208.38027779697325
3.84982243E8	210.57664382861233
3.91796088E8	209.64877761098006
3.98609933E8	210.08368724817598
4.05423778E8	209.70517420451327
4.12237623E8	208.70391776019707
4.19051468E8	208.60686831550802
4.25865313E8	208.09058814400993
4.32679158E8	210.21238824485604
4.39493003E8	209.59935012185215
4.46306848E8	209.0136581433881
4.53120693E8	208.37116051921348
4.59934538E8	207.73677202326724
4.66748383E8	209.2960089728012
4.73562228E8	209.74715125895975
4.80376073E8	208.8256326787777
4.87189918E8	207.92029209091845
4.91962519E8	206.54490231489083
4.953694415E8	227.4971590909091
5.00817608E8	214.0356308851224
5.07631453E8	208.38209467745892
5.14445298E8	205.11403065521307
5.21259143E8	210.16524066517485
5.28072988E8	208.99545433461662
5.34886833E8	215.59574185845992
5.41700678E8	207.5769120458891
5.48514523E8	208.4503163202207
5.55328368E8	208.79461209580342
5.62142213E8	207.41087155963302
5.68956058E8	209.18992102294095
5.75769903E8	207.00454792288895
5.82583748E8	205.19668707238026
5.89397593E8	206.5833635243823
5.96211438E8	206.7584408300617
6.03025283E8	206.0041930379747
6.09839128E8	209.25483274499916
6.15738246E8	209.64715414219162
6.191451685E8	0.0
6.23466818E8	207.96064225572744
6.30280663E8	208.03125337363704
6.37094508E8	206.978624535316
6.43908353E8	208.32678201467047
6.50722198E8	208.82008933208684
6.57536043E8	208.7489376593511
6.64349888E8	207.07915043727493
6.71163733E8	208.17034045008654
6.77977578E8	209.49065512492623
6.84791423E8	209.96625337466253
6.91605268E8	208.4423170140572
6.98419113E8	207.52038765254846
7.05232958E8	207.3846913399649
7.12046803E8	209.13709406629252
7.18860648E8	207.239944746892
7.222708485E8	0.0
7.25677771E8	209.31439833062834
7.32488338E8	209.1883135666763
7.39302183E8	208.5866935483871
7.46116028E8	209.19406237232738
7.52929873E8	208.26331334861575
7.59743718E8	208.6257885681514
7.66557563E8	208.86677994902294
7.73371408E8	208.16985257371314
7.80185253E8	208.58609251552983
7.86999098E8	207.05937364071335
7.93812943E8	207.7494994279176
8.00626788E8	207.63443004320374
8.07440633E8	207.35304501323918
8.14254478E8	207.662355370291
8.190716475E8	210.0412195366563
8.2247857E8	209.5299938157081
8.27882168E8	211.47592469545958
8.34696013E8	210.41704628279882
8.41509858E8	207.9395289624443
8.48323703E8	207.7081992178036
8.55137548E8	205.92629900109125
8.61951393E8	206.0220580994584
8.68765238E8	207.28167200062447
8.75579083E8	207.6790061362036
8.82392928E8	207.9770017551292
8.89206773E8	209.84622688429715
8.96020618E8	206.58969514374712
9.02834463E8	206.87420743277642
9.09648308E8	205.86451677316293
9.14262198E8	204.94057457693822
9.176691205E8	208.70179529027746
9.23275998E8	207.5926218188992
9.30089843E8	208.96011839068927
9.36903688E8	208.27725225225225
9.43717533E8	208.38806682577567
9.50531378E8	207.31106416688672
9.57345223E8	207.84798393326125
9.64159068E8	208.84678546471
9.70972913E8	207.34506795045385
9.77786758E8	207.90325565002863
9.84600603E8	208.2440976591996
9.91414448E8	208.53278015471713
9.98228293E8	208.13456498951783
1.00390351E9	208.59235255994815
1.0073104325E9	0.0
1.011855983E9	206.61556531952843
1.018669828E9	208.40683974559482
1.025483673E9	209.2157487974923
1.032297518E9	208.18827963744056
1.039111363E9	209.01558469475495
1.045925208E9	208.03568664936955
1.052739053E9	207.8533787026131
1.059552898E9	207.77550829195167
1.0652815955E9	208.48751132392908
1.068688518E9	0.0
1.073180588E9	209.24719950518866
1.079994433E9	209.15081031605018
1.086808278E9	207.2817309330456
1.093622123E9	207.04123711340208
1.100435968E9	208.63375357559065
1.107249813E9	208.8507698212991
1.114063658E9	207.69115620693975
1.120877503E9	209.05113604953286
1.127691348E9	208.12667413432035
1.134505193E9	207.36987674706612
1.141319038E9	207.8293979021302
1.148132883E9	209.25002575461008
1.154946728E9	211.34011314655172
1.161760573E9	207.51622376959878
1.168574418E9	207.8496761954602
1.175388263E9	206.1459759481961
1.182202108E9	207.09529711042984
1.189015953E9	206.8521994417172
1.195829798E9	207.5966782467996
1.202643643E9	207.6971672300016
1.209457488E9	206.87116607280095
1.216271333E9	206.92048606524898
1.223085178E9	207.51069053251797
1.229899023E9	207.90471688725248
1.236712868E9	207.70942889137737
1.243526713E9	207.14346642001954
1.250340558E9	208.70628938588905
1.257154403E9	209.9081661949879
1.2618183335E9	208.01155475670816
1.265225256E9	208.70537475345168
1.270782093E9	208.8803410128895
1.277595938E9	209.672131147541
1.284409783E9	209.23077327999158
1.291223628E9	206.887086813794
1.298037473E9	209.23754298968248
1.304851318E9	208.41805511561608
1.311665163E9	208.6458199638294
1.318479008E9	207.46765648102513
1.325292853E9	208.36421369283048
1.332106698E9	207.74402920744384
1.338920543E9	207.93651330082557
1.345734388E9	207.05069180849762
1.352548233E9	206.92836232133632
1.359362078E9	206.7723603400649
1.366175923E9	207.3285670978173
1.372989768E9	208.00820968134275
1.379803613E9	209.034292356873
1.386617458E9	208.66357703584603
1.393431303E9	208.35630252100842
1.400245148E9	208.36070853462158
1.407058993E9	208.78019453541228
1.413872838E9	209.67753904564674
1.420686683E9	206.57793032299023
1.427500528E9	208.0511452079164
1.434314373E9	207.40084403805574
1.441128218E9	210.1921117502054
1.444861853E9	208.28177393185507
1.4482687755E9	206.56010660681721
1.454755908E9	207.28104165479513
1.461569753E9	208.96449105958172
1.468383598E9	209.05325369380697
1.475197443E9	210.46148754078206
1.482011288E9	207.60286875448242
1.488825133E9	206.52693885787315
1.495638978E9	207.17160400732521
1.502452823E9	207.8281489305519
1.509266668E9	208.6015537637573
1.516080513E9	206.99881914232444
1.522894358E9	206.72467086433886
1.529708203E9	208.30062158598605
1.536522048E9	207.30319773127323
1.543335893E9	208.09258926162425
1.550149738E9	205.87399675452832
1.556963583E9	206.87166241781833
1.563777428E9	207.01597286800504
1.570591273E9	208.0181675451385
1.577405118E9	208.84510064371105
1.584218963E9	208.8176291793313
1.591032808E9	208.17551059823282
1.597846653E9	208.65543859649122
1.6032409105E9	207.542497921862
1.606647833E9	0.0
1.611474343E9	211.1881188118812
1.618288188E9	210.27976222642528
1.625102033E9	207.92648282039798
1.631915878E9	207.5088602211511
1.638729723E9	208.80904275651176
1.645543568E9	208.275969656185
1.652357413E9	206.419474393531
1.659171258E9	207.8156293869911
1.665985103E9	209.98026315789474
1.672798948E9	206.8302035855363
1.679612793E9	207.71822510249967
1.686426638E9	207.9613723888435
1.693240483E9	208.81230905960118
1.700054328E9	206.9949594959496
1.706868173E9	210.17079298373835
1.713682018E9	208.80780848473918
1.720495863E9	206.65478820929906
1.727309708E9	207.3100605952593
1.734123553E9	205.4481200151918
1.740937398E9	206.7797995593148
1.747751243E9	209.10263998130986
1.754565088E9	206.2361865942029
1.759854186E9	205.34082795766267
1.7632611085E9	207.42028985507247
1.768192778E9	210.20360869314578
1.775006623E9	211.88021203697718
1.781820468E9	210.28699551569505
1.788634313E9	209.7787336118119
1.795448158E9	207.50140875992534
1.802262003E9	209.3812835287105
1.809075848E9	209.25780967313955
1.815889693E9	208.10963869067845
1.822703538E9	207.21029098163308
1.829517383E9	208.136552828175
1.836331228E9	207.33739985433357
1.843145073E9	206.1203263086336
1.849958918E9	208.30594426504007
1.856772763E9	212.17380337869545
1.863586608E9	208.57816185810196
1.870400453E9	209.03173027111035
1.877214298E9	208.0354192111502
1.884028143E9	207.7127915451895
1.890841988E9	209.73700012009127
1.897655833E9	206.57936660638012
1.904469678E9	207.1693433928438
1.910723823E9	208.9418574998725
1.9141307455E9	0.0
1.918097368E9	208.67079554670795
1.924911213E9	207.6794096137225
1.931725058E9	208.5620936494385
1.938538903E9	208.15271650069332
1.945352748E9	207.72560390686317
1.952166593E9	208.9969
1.958980438E9	209.05901677812977
1.965794283E9	207.9783850931677
1.972608128E9	205.568066078748
1.979421973E9	208.49947779074768
1.986235818E9	207.69871656600517
1.993049663E9	207.89177822532875
1.999863508E9	207.66487659963437
2.006677353E9	209.22191586247231
2.013491198E9	209.5009802515182
2.020305043E9	207.34160429068191
2.027118888E9	208.24372807601793
2.033932733E9	208.28829395382266
2.040746578E9	206.04449426575837
2.047560423E9	206.98714093124545
2.054374268E9	208.81150598861183
2.060544391E9	208.74212248177696
2.0639513135E9	0.0
2.068001958E9	208.59005366726296
2.074815803E9	211.94474383301707
2.081629648E9	208.94029099048686
2.088443493E9	206.92068246242712
2.095257338E9	207.68719985223495
2.102071183E9	208.81561445783132
2.108885028E9	207.14890608102488
2.115698873E9	207.32172709659562
2.122512718E9	211.08366461872063
2.129326563E9	207.8870707335166
2.136140408E9	207.42431749492147
2.142954253E9	207.76839940491817
2.149768098E9	207.93952433563993
2.156581943E9	208.26722400094866
2.163395788E9	207.39443135935397
2.170209633E9	208.43217319813647
2.177023478E9	207.3954189270645
2.183837323E9	207.200529231787
2.190651168E9	208.510167102879
2.197465013E9	209.1460242273645
2.204278858E9	208.66049472009257
2.2082174155E9	207.367133644652
2.211624338E9	208.8491893929873
2.217906548E9	210.0925857103038
2.224720393E9	210.5247669373201
2.231534238E9	211.31423395938603
2.238348083E9	208.62955833012487
2.245161928E9	208.58368376787217
2.251975773E9	207.9384779916695
2.258789618E9	206.60151369533878
2.265603463E9	208.0087592247741
2.272417308E9	209.53455723542118
2.279231153E9	208.37325137770242
2.286044998E9	207.83426094665813
2.292858843E9	206.36670183768575
2.299672688E9	208.39459810203584
2.306486533E9	205.79748499571306
2.313300378E9	207.2722957090842
2.320114223E9	209.26762345140463
2.326928068E9	206.4167680566309
2.333741913E9	209.0003942087156
2.3376495495E9	212.08724832214764
2.341056472E9	219.07921265871244
2.347369603E9	207.55704420704717
2.354183448E9	208.96728269044806
2.360997293E9	208.2076986984215
2.367811138E9	209.5406809001731
2.374624983E9	205.30814884597268
2.381438828E9	206.22791653975023
2.388252673E9	207.96572571682597
2.395066518E9	208.21886697228413
2.401880363E9	205.61925766968685
2.408694208E9	207.48824837570314
2.415508053E9	208.1666837729652
2.422321898E9	206.8113292456545
2.429135743E9	208.68095493242842
2.435949588E9	207.68538625845497
2.442763433E9	207.9877544400292
2.449577278E9	209.1571471613653
2.456391123E9	206.99711916533656
2.4612717095E9	209.0642887205387
2.462753523E9	254.56569744969772
2.4646867815E9	226.86289445048968
2.470018813E9	211.36382485668983
2.476832658E9	207.50918466000644
2.483646503E9	207.98495341223872
2.490460348E9	221.8897933625548
2.497274193E9	216.93368055555555
2.504088038E9	207.50403855290844
2.510901883E9	208.04607349375115
2.517715728E9	209.50200407385506
2.524529573E9	209.25537848605578
2.531343418E9	209.49164631795398
2.538157263E9	208.1160015540878
2.544971108E9	205.89352051835854
2.551784953E9	206.5730673681134
2.558598798E9	208.9818338038542
2.565412643E9	208.06029258098224
2.572226488E9	206.3378694450351
2.579040333E9	206.36401486988848
2.585854178E9	208.0218771253684
2.592668023E9	205.77376467981387
2.599481868E9	207.45947604147494
2.606295713E9	207.91421642922097
2.613109558E9	210.16554974593123
2.619923403E9	209.83192557228546
2.626737248E9	207.4535784420685
2.631968571E9	209.15299301124278
2.6353754935E9	194.08450704225353
2.640364938E9	209.5731707317073
2.647178783E9	245.92156862745097
2.653992628E9	214.47222222222223
2.660806473E9	234.30769230769232
2.667620318E9	212.5
2.674434163E9	232.6046511627907
2.681248008E9	223.875
2.688061853E9	237.125
2.694875698E9	240.5
2.701689543E9	203.63636363636363
2.708503388E9	233.95238095238096
2.715317233E9	218.26666666666668
2.7221309125E9	208.975845410628
