# Position (bp)	A	C	G	T	N
0.0	38.50398433380652	11.452902602884429	13.849620109051886	36.19349295425717	0.0
1.0	38.13763775513968	12.023648341876672	13.715047578254024	36.123666324729626	0.0
2.0	37.666230109807316	11.914911854769768	13.377659242995655	37.04119879242726	0.0
3.0	37.49292576947916	12.111960174212385	13.210090593390907	37.18502346291755	0.0
4.0	37.50869573953911	12.00272769611166	12.956499300652698	37.532077263696536	0.0
5.0	37.293969792367996	12.152459746515536	12.834733511669652	37.71883694944682	0.0
6.0	37.47042176784925	11.984554077389348	12.754866243946683	37.79015791081471	0.0
7.0	37.284234379399535	12.218216706350185	12.574834230907461	37.92271468334282	0.0
8.0	37.176286390795624	12.098790977440549	12.44213756348367	38.282785068280155	0.0
9.0	37.08883300441076	12.259988050432364	12.419163006295525	38.23201593886135	0.0
10.0	37.17635633824348	12.050247448635046	12.272330595547833	38.50106561757365	0.0
11.0	36.96119798866749	12.239900415182616	12.22946552773569	38.5694360684142	0.0
12.0	37.014326254736396	12.209072667258972	12.226495940631658	38.55010513737297	0.0
13.0	36.85212448203915	12.38662472532909	12.1983071191495	38.562943673482266	0.0
14.0	36.94380650958929	12.229052201907505	12.123266225327946	38.70387506317526	0.0
15.0	37.0592070808183	12.288132359902256	12.210013778375455	38.442646780903985	0.0
16.0	37.17028998685751	12.233331713943935	12.12916088752374	38.46721741167482	0.0
17.0	37.212538245356825	12.232409679404139	12.082594963834625	38.46806313990786	0.00439397149654218
18.0	37.35959321616585	12.240529942213234	11.912361952352816	38.47553479910965	0.011980090158444959
19.0	37.25372457442065	12.229134867073142	11.94097681738095	38.57616374112526	0.0
20.0	37.18986953134201	12.1527697404083	11.964517235949836	38.69284349229986	0.0
21.0	37.24230910931428	12.222824351498609	11.960763501053084	38.574103038134034	0.0
22.0	37.25733118720321	12.322332699102947	11.89186424934019	38.528471864353655	0.0
23.0	37.27896467238939	12.307352896833025	11.927284668399455	38.48181747742587	0.004580284952249893
24.0	37.36193216580967	12.18766765379866	11.872694839800593	38.571826323135234	0.005879017455846288
25.0	37.29745608463346	12.28044384988861	11.938099075513193	38.48398189833311	1.9091631622385854E-5
26.0	37.40545520582131	12.111650729541514	11.883901736175515	38.58897977489641	0.010012553565251997
27.0	37.39728402291555	12.149589416229762	11.94254825967707	38.49811215570789	0.012466145469730792
28.0	37.43351470746789	12.146925594743218	11.889712315841019	38.52640844633156	0.0034389356163110757
29.0	37.43137375934491	12.070223838197599	11.916932954157527	38.55233245928736	0.029136989012603243
30.0	37.51231824828886	12.11679136307674	11.921783098022	38.42019664464458	0.02891064596782513
31.0	37.43140298656639	12.246720987382668	11.895424728281153	38.42077186376523	0.005679434004562543
32.0	37.55764087187105	12.08380435524892	11.86540364248163	38.48560797837213	0.0075431520262672575
33.0	37.581266676782846	12.137422590673893	11.916161511594153	38.36438381031492	7.654106341943756E-4
34.0	37.583592428814036	12.059195256498146	11.87480826253829	38.471314544380746	0.011089507768780827
35.0	37.46065530565912	12.076029462987089	11.905543500122135	38.52106395240589	0.036707778825771066
36.0	37.54924367563006	12.058824618638868	11.791396453523125	38.59535053119765	0.005184721010290138
37.0	37.40744232559197	12.100715882399983	11.801846030734986	38.656627603438096	0.033368157834963545
38.0	37.558248802307624	11.991971975397831	11.742829469079172	38.686642626129434	0.020307127085937487
39.0	37.55967374527802	12.06852256880687	11.792595121137358	38.57920856477775	0.0
40.0	37.61995478773577	12.009355805171593	11.810511371811721	38.56017803528091	0.0
41.0	37.613549764340576	11.99289976503151	11.82174024082351	38.571810229804406	0.0
42.0	37.66320511004634	11.89107517971547	11.740546652994784	38.7051730572434	0.0
43.0	37.54482420536224	12.050623794653642	11.755075220912266	38.64264465548969	0.006832123582166274
44.0	37.638560051657336	11.966303579115674	11.816725344894738	38.57841102433225	0.0
45.0	37.74770382702866	12.010391539365333	11.84388363019158	38.398021003414435	0.0
46.0	37.86681759358721	11.945958946449904	11.767176716132765	38.42004674383013	0.0
47.0	37.829865219510715	11.932859100577728	11.71239994998983	38.524875729921725	0.0
48.0	37.872203955718064	11.81868597591363	11.781263014362754	38.52784705400555	0.0
49.0	37.75099860072614	11.87677991333132	11.745142095130074	38.62707939081246	0.0
50.0	37.850547714693036	11.795979063422683	11.718019074917205	38.63545414696708	0.0
51.0	37.88503608370479	11.852658516138712	11.750495165077952	38.481168943112614	0.030641291965939378
52.0	37.98212559852092	11.879686907926368	11.769693856209889	38.3489620406602	0.01953159668262551
53.0	38.01654051871126	11.838312008960187	11.764087772877826	38.378698165454864	0.0023615339958583713
54.0	38.12522879779226	11.83640592485041	11.710757870998155	38.32093098537922	0.006676420979954384
55.0	38.04953008932474	11.903106831202237	11.745399532778762	38.30054635832513	0.0014171883691350546
56.0	37.9673542277637	11.874823432410137	11.789896959618094	38.36042921385583	0.007496166352242343
57.0	37.91241247151553	11.868137906446801	11.804643820103486	38.41480580193418	0.0
58.0	37.879212034785205	11.914663990365522	11.652990246394976	38.5531337284543	0.0
59.0	37.87845327698498	11.839947019737549	11.687588730381167	38.58198761477884	0.01202335811746498
60.0	37.999481016726484	11.798424363680112	11.691073914150914	38.51102070544249	0.0
61.0	38.06240115028881	11.801199907228934	11.693007946642282	38.442143099563566	0.0012478962764132925
62.0	37.96543861439227	11.847444841236438	11.755120770224352	38.43199577414694	0.0
63.0	38.00415467383324	11.82032094314709	11.805752454968317	38.36977192805135	0.0
64.0	37.91268400070628	11.881138014096395	11.800253028813211	38.40592495638412	0.0
65.0	37.84223204352683	11.902175777259918	11.759191997369477	38.49159536660189	0.004804815241885487
66.0	37.91019071681112	11.872123925532808	11.75486655403816	38.46222829886938	5.905047485342017E-4
67.0	37.896762196951734	11.891350543681725	11.694876631852049	38.517010627514495	0.0
68.0	37.84572636404989	11.857091634794442	11.690798656683931	38.60638334447174	0.0
69.0	37.864682317271594	11.873184609029414	11.659960624264567	38.59979187538696	0.002380574047463053
70.0	37.90478798082472	11.888987467689837	11.625877761983036	38.566305331854586	0.014041457647819541
71.0	37.88623701195853	11.79973316032233	11.61796345216373	38.65933976008926	0.036726615466146556
72.0	37.98848826772596	11.90019096230027	11.626841771522907	38.48317478932458	0.0013042091262816136
73.0	37.960949364263136	11.944074527266732	11.636381175307152	38.45859493316298	0.0
74.0	37.943476644188365	11.905743975161414	11.668707892370659	38.482071488279566	0.0
75.0	38.09168543528203	11.8530401887574	11.679936287511758	38.34519496747191	0.030143120976898665
76.0	38.17677295473159	11.815179993150023	11.724145875285288	38.278279039566165	0.005622137266935739
77.0	38.12664083133227	11.795792894378975	11.773184683857817	38.30438159043094	0.0
78.0	38.1036262083902	11.80919047094732	11.824181713268162	38.263001607394315	0.0
79.0	38.02450469772717	11.81503787354618	11.774908746114768	38.38554868261188	0.0
80.0	38.004510685986084	11.773960234703921	11.733671467213611	38.487857612096384	0.0
81.0	38.07894801758348	11.797392080858979	11.746062548616857	38.37459770322874	0.0029996497119579787
82.0	38.010356164964506	11.817579982181512	11.77364948627134	38.39792046953673	4.938970459095743E-4
83.0	38.09064560498966	11.828773755565424	11.768036667190554	38.31241212141669	1.3185083767474192E-4
84.0	38.1740673938032	11.795096976471465	11.792595541611469	38.22881515676803	0.009424931345843235
85.0	38.17125328188828	11.806947856780093	11.762649716020109	38.25914914531152	0.0
86.0	38.18848953645945	11.746380437679067	11.67686430647008	38.38822602613034	3.969326106337188E-5
87.0	38.15832083596545	11.799144727634216	11.648090017346949	38.38886721817367	0.005577200879714018
88.0	38.17508747051847	11.810040369376043	11.594541608855359	38.41470665302518	0.005623898224950491
89.0	38.224054082661084	11.77994336375421	11.596525648001336	38.39517400645196	0.004302899131412001
90.0	38.24896350759456	11.764700797596465	11.636522300678015	38.34972695327087	8.644086008921761E-5
91.0	38.21114911756134	11.781982554380145	11.672029378199573	38.33483894985894	0.0
92.0	38.221241175783355	11.728252803770973	11.712862271002477	38.337643749443195	0.0
93.0	38.27002684004499	11.779788620037294	11.655421931504227	38.294308496035235	4.541123782553096E-4
94.0	38.106653738470605	11.810466207576598	11.683776930834396	38.394869669484976	0.004233453633416756
95.0	38.138569588047496	11.740185957505664	11.703340074904109	38.417683344435325	2.210351074079916E-4
96.0	38.21118179089108	11.76834101158362	11.682729219669513	38.33774797785578	0.0
97.0	38.22811313432322	11.797687657761093	11.725042302548689	38.249156905366995	0.0
98.0	38.21964568535284	11.721952872095187	11.756900866007655	38.30150057654432	0.0
99.0	38.340457634092246	11.70853260614597	11.738487563165595	38.21246153174174	6.0664854450184984E-5
100.0	38.39278877959319	11.719137919323382	11.663414263284382	38.22465903779905	0.0
101.0	38.37650286233727	11.75004328676399	11.665796422348956	38.20765742854979	0.0
102.0	38.40083801248481	11.715188230965673	11.70708455266815	38.176889203881366	0.0
103.0	38.34796318058384	11.790380119453838	11.718335579719279	38.14332112024304	0.0
104.0	38.30151677561267	11.75638292425003	11.723762704596338	38.218337595540966	0.0
105.0	38.36020946988249	11.804580435166343	11.716791497594388	38.11841859735678	0.0
106.0	38.362086999705355	11.741313444665046	11.671394691430264	38.201766656603844	0.023438207595494486
107.0	38.30632901524109	11.718741131247619	11.664743892656555	38.31018596085474	0.0
108.0	38.402091064955144	11.60503501164771	11.692747421833449	38.25523907096243	0.044887430601264086
109.0	38.4259325377099	11.643195189567068	11.68504396765141	38.24582830507162	0.0
110.0	38.37770018061409	11.631100025802013	11.705430463576159	38.28576933000774	0.0
111.0	38.426513715054554	11.693012197097191	11.741210075659637	38.11969525977656	0.019568752412048696
112.0	38.49506897764645	11.628837168803294	11.765223767037094	38.11087008651317	0.0
113.0	38.42511752993815	11.635030979529974	11.830534414381118	38.10931707615076	0.0
114.0	38.46841041461257	11.659941519615256	11.837723666505463	38.03392439926671	0.0
115.0	38.4761199201208	11.652893602934796	11.781868852338093	38.08906891268521	4.87119211083994E-5
116.0	38.473767231194486	11.66504639538005	11.722918542023717	38.13826783140175	0.0
117.0	38.60165637768348	11.689900362081294	11.69792874114247	38.01051451909275	0.0
118.0	38.56371371029231	11.668032104439337	11.677174753248392	38.09107943201995	0.0
119.0	38.561025418443776	11.596823575040856	11.670006286964387	38.172144719550985	0.0
120.0	38.59907088656643	11.610265877148677	11.629280468679717	38.15982465684197	0.0015581107632035435
121.0	38.528649452172886	11.699087933093878	11.630341694477034	38.136426030079754	0.0054948901764517435
122.0	38.50754196903306	11.64011791792962	11.637592483398814	38.2147476296385	0.0
123.0	38.610317760494254	11.645496747390958	11.662440273359348	38.08174521875544	0.0
124.0	38.62091344354301	11.640768469971682	11.683387185967966	38.05493090051734	0.0
125.0	38.59211856856302	11.649882705417983	11.63601765764298	38.048683138992416	0.07329792938360091
126.0	38.7057783618098	11.627081347280098	11.616681389167223	38.05045890174288	0.0
127.0	38.581999092483805	11.70300757328251	11.616676003089852	38.09831733114383	0.0
128.0	38.6612020669749	11.62539297919689	11.707417058341248	38.00598789548696	0.0
129.0	38.74827618880269	11.71747185505113	11.68603916076613	37.84821279538006	0.0
130.0	38.852917915323786	11.814723555680986	11.524603934856657	37.80775459413857	0.0
131.0	38.906894305274	12.00225285063855	11.28056477102746	37.810288073059986	0.0
132.0	36.15292798378945	10.370054705926398	13.290448574557297	40.18656873572685	0.0
