# Position (bp)	A	C	G	T	N
0.0	38.513305672392576	11.768735438074462	14.403563777015723	35.31439511251724	0.0
1.0	38.10711278119936	12.382197912456347	14.247766640245544	35.26292266609875	0.0
2.0	37.670031922815326	12.243820719309442	13.84445332647434	36.24169403140089	0.0
3.0	37.507568264357204	12.462053693620462	13.588313415006347	36.44206462701599	0.0
4.0	37.48066221282027	12.362580791268881	13.35168564013231	36.80507135577854	0.0
5.0	37.25076095083046	12.53873744028064	13.175064059349289	37.03543754953961	0.0
6.0	37.416794085467956	12.370342152289151	13.128600877821182	37.08426288442171	0.0
7.0	37.157189682414106	12.646309154131632	12.924780788419298	37.27172037503496	0.0
8.0	36.995985839078116	12.489859613101777	12.863267315521448	37.65088723229866	0.0
9.0	36.90368938358296	12.662214320048532	12.827415076837474	37.60668121953103	0.0
10.0	37.00462457134416	12.491996799469678	12.728414605156694	37.77496402402947	0.0
11.0	36.67489045982502	12.724110236822748	12.697691613755682	37.90329269179748	1.499779907298604E-5
12.0	36.772998562460955	12.688632943115596	12.70808508851326	37.83028340591018	0.0
13.0	36.56689130870045	12.87737274554959	12.65059102576697	37.905144919982995	0.0
14.0	36.70235142992766	12.676072286391973	12.623115057865258	37.99846122581511	0.0
15.0	36.82859540362452	12.747071867203488	12.706450328414306	37.71788240075769	0.0
16.0	36.86751469221892	12.750491365392127	12.645971703652489	37.73602223873647	0.0
17.0	36.90196463668956	12.716003926423797	12.564481162389418	37.81345587535029	0.004094399146925189
18.0	37.02638637779906	12.71725624264639	12.423959283975076	37.82012989593777	0.012268199641702579
19.0	36.947640433766345	12.743997318393527	12.445361143252228	37.862986106788824	1.499779907298604E-5
20.0	36.88974847331187	12.655762387120173	12.474385207481694	37.980103932086266	0.0
21.0	36.92163358661938	12.753588881545852	12.48785192295706	37.836925608877706	0.0
22.0	36.91659085954399	12.825649919481657	12.41774683376792	37.84001238720643	0.0
23.0	36.88690373460797	12.811468705681076	12.479848724740558	37.817464188433746	0.004314646536651984
24.0	37.0426583270197	12.686029435054769	12.4088701770904	37.856422407341995	0.006019653493132866
25.0	36.9196486994261	12.797470292294733	12.444106477353039	37.83876702277096	7.508155170442255E-6
26.0	37.04730842388498	12.639684247487178	12.431238017984523	37.87162977942764	0.010139531215673462
27.0	37.07722056690568	12.657694196480898	12.472305088230009	37.78099891624686	0.011781232136556501
28.0	37.05285726301333	12.684190219971825	12.412356990653944	37.84707030074083	0.003525225620077039
29.0	37.01225335803491	12.616625197005643	12.490046792576322	37.85213900809845	0.028935644284680116
30.0	37.074004088287815	12.638836988870922	12.472422564441766	37.78598999692825	0.028746361471238928
31.0	37.074741221445464	12.790304259796725	12.422906116229566	37.706711792260286	0.0053366102679542875
32.0	37.15946479821489	12.612689617154652	12.41697059884492	37.80317093577473	0.007704050010806757
33.0	37.20973811132467	12.648982586339885	12.434974638592694	37.705468312575626	8.363511671280536E-4
34.0	37.20011003469531	12.60298319468052	12.433490864278204	37.7522360315078	0.011179874838172631
35.0	37.05796365759301	12.6230238976481	12.456442589602037	37.82583673447837	0.036733120678484124
36.0	37.16408838269604	12.595592276272377	12.310428620182236	37.92472856812299	0.0051621527263637935
37.0	36.99954268757738	12.664843156035662	12.34161328586225	37.960782288175096	0.03321858234961323
38.0	37.113819737612005	12.524193879870207	12.328867212623251	38.01267299908604	0.02044617080848965
39.0	37.12450012104303	12.613643219602286	12.364631788030001	37.89722487132469	0.0
40.0	37.16294756521241	12.580527070599645	12.382983967552457	37.87354139663549	0.0
41.0	37.17590376914479	12.55257675892641	12.378614134092329	37.89290533783648	0.0
42.0	37.20542066875398	12.458779725336543	12.30161772249858	38.0341818834109	0.0
43.0	37.107767637394886	12.614858161100573	12.320318860755915	37.95058194953226	0.0064733912163661275
44.0	37.19987529885797	12.53059122298142	12.36612831777856	37.90340516038205	0.0
45.0	37.37113789412369	12.567189252695046	12.39074796380908	37.67092488937219	0.0
46.0	37.42370862107299	12.51263309806748	12.29967922850159	37.76397905235794	0.0
47.0	37.357918071111015	12.492400379407115	12.285943069776947	37.86373847970493	0.0
48.0	37.453571946680114	12.390581939347475	12.32434553418516	37.83150057978725	0.0
49.0	37.298722663275015	12.48928624666977	12.317104867869674	37.89488622218554	0.0
50.0	37.36345071333644	12.38987862438018	12.265126083651024	37.981544578632345	0.0
51.0	37.4364420172836	12.43437740037928	12.320169579968846	37.77840968145573	0.030601320912537033
52.0	37.476537898134524	12.481189488306764	12.328415850787671	37.69396825745709	0.019888505313955245
53.0	37.56726790158366	12.40567752012022	12.280678035700127	37.74410799099973	0.0022685515962583102
54.0	37.62802965385312	12.412759569260299	12.253211057147647	37.69911933349546	0.006880386243478063
55.0	37.585457980092734	12.492665848241135	12.307678416918943	37.612766887372224	0.0014308673749689725
56.0	37.501570985210876	12.454295914105842	12.31979430643559	37.71677968442133	0.0075591098263602784
57.0	37.44930564301928	12.447885568602013	12.3489211382274	37.753887650151306	0.0
58.0	37.42058058847017	12.486238470162917	12.193743617980239	37.899437323386664	0.0
59.0	37.38883295328785	12.432675344796321	12.233841756328546	37.933267398534234	0.01138254705304551
60.0	37.540264441513024	12.366999038843234	12.225966333141194	37.86676249786352	7.688639028623496E-6
61.0	37.56934691463908	12.392565630530369	12.235536176462869	37.80131979553998	0.0012314828277031607
62.0	37.44783310167736	12.44002198439441	12.294517531845665	37.81762738208256	0.0
63.0	37.492041349959834	12.39872439443679	12.357995853402553	37.75123840220082	0.0
64.0	37.438263753647185	12.475405508887997	12.325255358737847	37.76107537872698	0.0
65.0	37.381515717418765	12.460250097533677	12.3361739614229	37.81734396969722	0.004716253927441129
66.0	37.448766252580505	12.464563381145176	12.31047412905242	37.77541441191991	7.818253019877638E-4
67.0	37.39236964343814	12.476898292655365	12.301664004955231	37.82906030865106	7.750300207878552E-6
68.0	37.374561760615336	12.423835318062967	12.257642309747574	37.94396061157413	0.0
69.0	37.40184618339731	12.453388714017649	12.233465110332057	37.90881348717651	0.002486505076472075
70.0	37.43573986599859	12.468895531390487	12.227109130204642	37.85465474419155	0.013600728214734023
71.0	37.39475154711369	12.372180220318588	12.198925614194083	37.99725092614899	0.036891692224649296
72.0	37.55312885392419	12.488419208952973	12.197637385984702	37.75950373901356	0.001310812124575215
73.0	37.475720250719306	12.550498245185246	12.206169031201767	37.76761247289369	0.0
74.0	37.4369129988214	12.495510413727406	12.248639899890247	37.81893668756094	0.0
75.0	37.625926433289436	12.422881472023855	12.258487857740473	37.66226590935523	0.030438327591011696
76.0	37.67347129719372	12.420153988791967	12.339322902685275	37.56147102843703	0.00558078289200408
77.0	37.61267722058781	12.359843550383998	12.369638749745784	37.657840479282406	0.0
78.0	37.633647611175796	12.387521831849346	12.392868326851792	37.585962230123066	0.0
79.0	37.48247724269604	12.42532470041941	12.36510809098284	37.727089965901705	0.0
80.0	37.44940176409479	12.37134471739328	12.329584730665466	37.84966878784647	0.0
81.0	37.52905555297486	12.399315035592336	12.342756961956999	37.72592069888591	0.0029517505898950893
82.0	37.51039197000676	12.433857840942036	12.374631440316143	37.68057175079059	5.469979444768547E-4
83.0	37.56679687800908	12.443435733837099	12.365013504903434	37.62461887789424	1.3500535613896752E-4
84.0	37.661041003929505	12.388562095689387	12.368074810178339	37.57283031093493	0.009491779267837723
85.0	37.614783112279895	12.424846680172868	12.335144567234934	37.62521766891686	7.971395444586646E-6
86.0	37.63519157782617	12.346961652327353	12.259097559652899	37.758733236356164	1.5973837410136183E-5
87.0	37.62409034294764	12.39111945989634	12.256027919771952	37.723096115630035	0.0056661617540323984
88.0	37.65073395968366	12.419653865444012	12.194849090010607	37.72931779224902	0.005445292612702721
89.0	37.676899064729895	12.38676378479096	12.207178617125901	37.72481898036899	0.004339552984254334
90.0	37.708950281529326	12.3482447374985	12.237205136380904	37.705543467046645	5.637754463067916E-5
91.0	37.653503059466495	12.389138080689388	12.289083763182127	37.668258952359054	1.6144302945907462E-5
92.0	37.662225333496444	12.343179480607073	12.296032995904639	37.69856218999183	0.0
93.0	37.71423964669401	12.38955436823367	12.230142657868083	37.665576697714435	4.866294897957445E-4
94.0	37.561997107472386	12.40061661944026	12.262258547155689	37.77077812147331	0.0043496044583527
95.0	37.58122792820115	12.337948607312232	12.283723980757552	37.79669196361367	4.07520115396656E-4
96.0	37.660428068568166	12.370021489143117	12.27041593205185	37.69911816806179	1.6342175076499763E-5
97.0	37.67230314260221	12.410782833502552	12.318861061388423	37.598044769835504	8.19267131141974E-6
98.0	37.678466416659596	12.31596013369379	12.36620743139215	37.63934958951564	1.642873882568525E-5
99.0	37.76790534012689	12.311690605026373	12.324489870213474	37.595840057614815	7.412701845812178E-5
100.0	37.79688596035879	12.35195914484124	12.249551994527714	37.601602900272255	0.0
101.0	37.810202944339565	12.342310121109271	12.264144379587485	37.58334255496368	0.0
102.0	37.807651830919184	12.322163624708358	12.308756352567398	37.56142819180507	0.0
103.0	37.77869366266532	12.417816132748545	12.317190987159506	37.48629921742663	0.0
104.0	37.707640932278316	12.371588703140015	12.339592682044533	37.58117768253713	0.0
105.0	37.76722771169318	12.415712278240111	12.363786171729986	37.45327383833672	0.0
106.0	37.773387671478424	12.337542992568636	12.316969448918254	37.548373470940945	0.0237264160937407
107.0	37.7040707108313	12.328520211854492	12.316737210044955	37.650671867269246	0.0
108.0	37.81821477253217	12.220163122341926	12.331941755631938	37.5840719593779	0.04560839011606108
109.0	37.799627465911534	12.303074539674864	12.320054989488677	37.577243004924924	0.0
110.0	37.78496239435673	12.247305335706649	12.333625240921736	37.634107029014885	0.0
111.0	37.788100227509986	12.316489386714819	12.394403647683562	37.48082922729539	0.020177510796250745
112.0	37.86005232694274	12.259765269225149	12.41927037952349	37.46091202430861	0.0
113.0	37.77105455798131	12.284950264823665	12.47995521681092	37.464039960384106	0.0
114.0	37.91088313697665	12.267285409145366	12.466620141685942	37.35521131219205	0.0
115.0	37.84147312740711	12.282810152387164	12.440884738669283	37.43475388144441	7.810009203661956E-5
116.0	37.85847002609336	12.273913334374093	12.36988168781641	37.49773495171614	0.0
117.0	37.98657623024692	12.320049624110656	12.34541445788528	37.34795968775715	0.0
118.0	37.96015672563844	12.289307265792448	12.28147309171991	37.4690629168492	0.0
119.0	37.936134896736796	12.254918477719173	12.295431319310875	37.51351530623316	0.0
120.0	37.97741508726754	12.246812477349073	12.27897790155608	37.49504891714169	0.001745616685614435
121.0	37.94023314788827	12.330294622568259	12.274438500388223	37.44968229771411	0.005351431441128911
122.0	37.8977805708295	12.289913757518669	12.296213335939068	37.51609233571276	0.0
123.0	37.99760699963845	12.298101271911973	12.335874603687975	37.3684171247616	0.0
124.0	38.036807045478874	12.312238051348146	12.327790705708464	37.32316419746452	0.0
125.0	37.94820304126185	12.304669866998442	12.293836150840534	37.38057619945071	0.07271474144846422
126.0	38.09471869742115	12.263276899327401	12.284590015265735	37.35741438798571	0.0
127.0	37.92727662273675	12.38227685936618	12.281764382391689	37.40868213550538	0.0
128.0	37.98603526298358	12.282150785985168	12.390143742476374	37.34167020855487	0.0
129.0	38.107742229029476	12.383952695428135	12.353245167777319	37.15505990776507	0.0
130.0	38.18418165069784	12.50704663301386	12.219452381735437	37.08931933455287	0.0
131.0	38.24354339468282	12.729901279278844	11.942049097428146	37.084506228610195	0.0
132.0	35.64953874204404	11.041345477423125	13.986185029166073	39.32293075136677	0.0
