#Coverage (X)	Coverage
1.0	56.49830184020106
2.0	41.080265876890365
3.0	25.36802231222437
4.0	16.70295469323048
5.0	10.079099442452076
6.0	6.269380458157244
7.0	3.698419220050056
8.0	2.219059405705849
9.0	1.2892880329514327
10.0	0.7571433055104961
11.0	0.4374681053069054
12.0	0.25694552233321133
13.0	0.15110266303938147
14.0	0.09162467385441175
15.0	0.05722133352765013
16.0	0.037848678876585495
17.0	0.02656606101011505
18.0	0.020107335379492497
19.0	0.016168002556426586
20.0	0.01379511295245095
21.0	0.012217332520748414
22.0	0.011090508982434244
23.0	0.010238383537085838
24.0	0.009564278012547334
25.0	0.009025521929046931
26.0	0.008550826600227879
27.0	0.008173102963638712
28.0	0.007836692276512736
29.0	0.007545777199823078
30.0	0.007271005726835256
31.0	0.007010763497177663
32.0	0.006766701561232935
33.0	0.006555880772907585
34.0	0.006351737566106408
35.0	0.006165389013389699
36.0	0.005997348774869238
37.0	0.005844975169935651
38.0	0.005693555505217773
39.0	0.00555512410348058
40.0	0.005427552944240688
41.0	0.0053087140070005034
42.0	0.005203230232822875
43.0	0.005099030608931798
44.0	0.005000738076404332
45.0	0.004911434595925357
46.0	0.004827120956591102
47.0	0.004741706617011232
48.0	0.004665134569464158
49.0	0.004588819351965867
50.0	0.00450916534370549
51.0	0.004439050737630623
