#Position (bp)	insert size
3406923.0	185.74146305563733
1.0220768E7	184.31263779691335
1.7034613E7	182.28674558960074
2.3848458E7	183.10561708029505
3.0662303E7	182.4817095832227
3.7476148E7	182.3034455574105
4.4289993E7	184.29381495512652
5.1103838E7	182.10892680183196
5.7917683E7	184.1903069273319
6.4731528E7	183.5316188618404
7.1545373E7	183.8226542937104
7.8359218E7	183.71771325745132
8.5173063E7	184.71634330568722
9.1986908E7	183.1618134977946
9.8800753E7	182.15443853951382
1.05614598E8	181.3276248041191
1.12428443E8	183.4498725882781
1.19242288E8	185.3650566379701
1.26056133E8	182.60133761471377
1.300790245E8	180.78933680104032
1.33485947E8	182.50222649869096
1.39683823E8	185.21388855792526
1.46497668E8	181.39843455807198
1.53311513E8	183.41405506106395
1.60125358E8	183.0659385852678
1.66939203E8	183.30106934886183
1.73753048E8	182.1903908045977
1.80566893E8	184.34786287854237
1.87380738E8	183.74328519368336
1.94194583E8	184.16926817236885
2.01008428E8	182.1887900177299
2.07822273E8	183.97247204968943
2.14636118E8	182.86516694712603
2.21449963E8	182.92695818340752
2.28263808E8	181.49780003519945
2.35077653E8	183.19761699589023
2.41891498E8	182.3553172442772
2.48705343E8	183.4554047954117
2.52444901E8	187.47739200645944
2.558518235E8	180.31115580497615
2.62333033E8	184.07719006856607
2.69146878E8	187.30758838099527
2.75960723E8	190.38932801688753
2.82774568E8	184.8391597091301
2.89588413E8	182.15758140498008
2.96402258E8	182.84328965680226
3.03216103E8	181.74896817157472
3.10029948E8	182.51247654132203
3.16843793E8	180.8320134895065
3.23657638E8	182.7983393603911
3.30471483E8	183.0107436157048
3.37285328E8	183.8049901954155
3.44099173E8	184.2928923362115
3.50913018E8	183.34200410605862
3.57726863E8	183.20528844644033
3.64540708E8	184.69426542872748
3.704270945E8	185.89978169701845
3.73834017E8	0.0
3.78168398E8	183.80227144678705
3.84982243E8	186.03135547087643
3.91796088E8	183.5502626002027
3.98609933E8	183.68462834329495
4.05423778E8	183.96778925251243
4.12237623E8	184.27884873337678
4.19051468E8	183.97881132407244
4.25865313E8	184.18837145574415
4.32679158E8	185.27683257599776
4.39493003E8	186.6771602509201
4.46306848E8	183.27130763070588
4.53120693E8	181.53200809559456
4.59934538E8	181.51087996174078
4.66748383E8	184.76383871343666
4.73562228E8	184.41045657943164
4.80376073E8	183.66897727776055
4.87189918E8	183.0680459475617
4.91962519E8	181.4624560435772
4.953694415E8	203.92242048099303
5.00817608E8	189.13792764773285
5.07631453E8	185.19086290188238
5.14445298E8	180.01384018249294
5.21259143E8	185.7088485382296
5.28072988E8	184.2571651356954
5.34886833E8	191.45865006741056
5.41700678E8	183.26784550195566
5.48514523E8	184.29882866785786
5.55328368E8	184.2359841057764
5.62142213E8	182.68123673604487
5.68956058E8	183.96290583499493
5.75769903E8	181.12792960487351
5.82583748E8	180.77185337847786
5.89397593E8	180.5270099923136
5.96211438E8	182.76928463064536
6.03025283E8	179.3062834971887
6.09839128E8	182.47097319488046
6.15738246E8	184.2741221177748
6.191451685E8	0.0
6.23466818E8	184.6806458663461
6.30280663E8	184.56565294368121
6.37094508E8	179.98598920746375
6.43908353E8	183.0967423721037
6.50722198E8	184.84390693186552
6.57536043E8	183.1989442218406
6.64349888E8	181.01955733924348
6.71163733E8	182.4851325301205
6.77977578E8	184.89214413244602
6.84791423E8	184.86024736788306
6.91605268E8	184.7468027038177
6.98419113E8	183.93429931933042
7.05232958E8	184.07239558754128
7.12046803E8	183.58098468015436
7.18860648E8	183.13317098179954
7.222708485E8	0.0
7.25677771E8	187.76050472791033
7.32488338E8	185.24611207533553
7.39302183E8	184.9519276175365
7.46116028E8	184.96864613552094
7.52929873E8	183.6729145248935
7.59743718E8	183.41540342298288
7.66557563E8	182.3349213679784
7.73371408E8	182.07868391146707
7.80185253E8	183.12782776676326
7.86999098E8	180.1287247854587
7.93812943E8	182.26137377341658
8.00626788E8	180.69118377604394
8.07440633E8	182.04135572983094
8.14254478E8	183.89309067858812
8.190716475E8	185.2362763600558
8.2247857E8	186.4228432563791
8.27882168E8	187.9192244375343
8.34696013E8	187.72745684433676
8.41509858E8	182.7143379574323
8.48323703E8	184.62927537010665
8.55137548E8	183.6240315991117
8.61951393E8	181.37440139312147
8.68765238E8	182.23777984922074
8.75579083E8	182.95276862712186
8.82392928E8	183.1967391843005
8.89206773E8	184.2015864332604
8.96020618E8	182.63475657722228
9.02834463E8	183.6320817175825
9.09648308E8	181.55784842151579
9.14262198E8	180.89471511147812
9.176691205E8	183.29954977488745
9.23275998E8	184.57187773289468
9.30089843E8	184.58962254254
9.36903688E8	183.590864116095
9.43717533E8	182.75966213229879
9.50531378E8	183.25134990693473
9.57345223E8	184.0805063183784
9.64159068E8	183.49850399347199
9.70972913E8	181.7634011090573
9.77786758E8	183.2365851424384
9.84600603E8	182.69402890197907
9.91414448E8	184.05584503263108
9.98228293E8	183.51272026431718
1.00390351E9	180.88642303636112
1.0073104325E9	0.0
1.011855983E9	183.70768502113776
1.018669828E9	183.58083376804035
1.025483673E9	182.86630280340106
1.032297518E9	184.06384262839254
1.039111363E9	183.4053733792129
1.045925208E9	183.64557058924845
1.052739053E9	183.27778474773726
1.059552898E9	183.1907718357556
1.0652815955E9	184.388347193071
1.068688518E9	0.0
1.073180588E9	182.81973721793773
1.079994433E9	183.80206030595102
1.086808278E9	183.26741910852343
1.093622123E9	181.93701068593248
1.100435968E9	184.17380442541042
1.107249813E9	185.12040961094235
1.114063658E9	182.50284660412157
1.120877503E9	184.1668309681561
1.127691348E9	183.2404054111361
1.134505193E9	183.25974777858886
1.141319038E9	183.20285450488575
1.148132883E9	183.21857402562853
1.154946728E9	187.16181982327032
1.161760573E9	184.2299834018337
1.168574418E9	181.38536147786843
1.175388263E9	182.28771847323458
1.182202108E9	181.29294341310668
1.189015953E9	182.72088949342566
1.195829798E9	184.06099547151823
1.202643643E9	182.68580521960536
1.209457488E9	182.4472936974913
1.216271333E9	180.86883576177678
1.223085178E9	184.2520111214087
1.229899023E9	184.32042804397256
1.236712868E9	183.3046875
1.243526713E9	183.86264794935315
1.250340558E9	183.7540111584711
1.257154403E9	184.7361911623439
1.2618183335E9	183.47877758913413
1.265225256E9	185.48999323213766
1.270782093E9	184.7720662086698
1.277595938E9	184.52126704953338
1.284409783E9	183.74492421457762
1.291223628E9	184.4628608789293
1.298037473E9	184.84729904858236
1.304851318E9	182.0610418996593
1.311665163E9	182.74735293408264
1.318479008E9	182.01004208816363
1.325292853E9	182.82220825769213
1.332106698E9	182.66407593939772
1.338920543E9	183.51594674255514
1.345734388E9	181.70973815245125
1.352548233E9	182.62199549175466
1.359362078E9	189.61799652522708
1.366175923E9	182.9201270513499
1.372989768E9	183.39327032136106
1.379803613E9	183.9384758658952
1.386617458E9	183.92617570903835
1.393431303E9	184.14925192424113
1.400245148E9	183.62403533240354
1.407058993E9	184.0663941329937
1.413872838E9	184.8254293770828
1.420686683E9	184.47943662891277
1.427500528E9	185.00794872553953
1.434314373E9	183.19523217372844
1.441128218E9	186.7028998765037
1.444861853E9	184.59379615952733
1.4482687755E9	182.1674383609214
1.454755908E9	182.8218037122167
1.461569753E9	182.46498391487256
1.468383598E9	183.0516414003708
1.475197443E9	184.54108881382874
1.482011288E9	183.29539981992923
1.488825133E9	181.88611813376235
1.495638978E9	182.58648986972042
1.502452823E9	182.78373930980138
1.509266668E9	183.06283657959636
1.516080513E9	182.20420452144518
1.522894358E9	182.16558247953597
1.529708203E9	183.4279175290559
1.536522048E9	183.52943731490623
1.543335893E9	183.99829288887258
1.550149738E9	182.5512603223829
1.556963583E9	181.93627921869998
1.563777428E9	182.16446785697636
1.570591273E9	181.1133460438513
1.577405118E9	183.65775377876088
1.584218963E9	183.3798515177145
1.591032808E9	183.7857864461992
1.597846653E9	182.94885834866358
1.6032409105E9	182.289206621262
1.606647833E9	0.0
1.611474343E9	185.63980707110935
1.618288188E9	184.03301268522426
1.625102033E9	183.2425088604876
1.631915878E9	181.8170016870157
1.638729723E9	183.95790586059618
1.645543568E9	183.32059990084284
1.652357413E9	183.13963529957536
1.659171258E9	183.386392755543
1.665985103E9	185.4849245144266
1.672798948E9	181.7879866984368
1.679612793E9	181.69362862201737
1.686426638E9	181.3459524275646
1.693240483E9	183.49502470569485
1.700054328E9	181.70079813603013
1.706868173E9	185.6287700887943
1.713682018E9	183.40409578620577
1.720495863E9	183.31216195627334
1.727309708E9	183.68211130112584
1.734123553E9	182.60644487771927
1.740937398E9	182.55267641629987
1.747751243E9	185.3869711753028
1.754565088E9	185.64860375325492
1.759854186E9	183.89697316672473
1.7632611085E9	200.41935483870967
1.768192778E9	184.8221566837535
1.775006623E9	187.82196990128918
1.781820468E9	184.53588438167188
1.788634313E9	185.57160387141377
1.795448158E9	185.0849107395863
1.802262003E9	183.81370317977735
1.809075848E9	183.49073824846454
1.815889693E9	182.55676037163533
1.822703538E9	182.23009628933772
1.829517383E9	182.76453622773607
1.836331228E9	183.9286695374564
1.843145073E9	179.58860050564854
1.849958918E9	182.52221664994985
1.856772763E9	187.07358648130864
1.863586608E9	183.97941674576145
1.870400453E9	185.6943388472208
1.877214298E9	185.35608465608465
1.884028143E9	184.00343743861717
1.890841988E9	185.47437403809556
1.897655833E9	183.08668471255478
1.904469678E9	185.64448124608361
1.910723823E9	184.44604575752118
1.9141307455E9	0.0
1.918097368E9	184.56134864856497
1.924911213E9	183.04772024729522
1.931725058E9	181.72135889292196
1.938538903E9	182.9639254212222
1.945352748E9	183.88468549769877
1.952166593E9	184.02519668948605
1.958980438E9	183.43555177028836
1.965794283E9	184.14821776663882
1.972608128E9	182.12675797649035
1.979421973E9	181.73378722051498
1.986235818E9	182.4599741625089
1.993049663E9	180.95189833534633
1.999863508E9	184.98606917162158
2.006677353E9	184.18654964613552
2.013491198E9	184.64359658700312
2.020305043E9	181.94083017361805
2.027118888E9	183.5353000223065
2.033932733E9	183.2856103295145
2.040746578E9	183.17840445545477
2.047560423E9	182.97982365030606
2.054374268E9	182.98924320539749
2.060544391E9	184.72401400233372
2.0639513135E9	0.0
2.068001958E9	186.0757234922179
2.074815803E9	187.07392947883744
2.081629648E9	186.20375163189115
2.088443493E9	185.83331555252096
2.095257338E9	185.23776827326952
2.102071183E9	183.5403718982566
2.108885028E9	183.91900617630546
2.115698873E9	183.45380531816127
2.122512718E9	185.1357657176297
2.129326563E9	183.99043885998975
2.136140408E9	183.05731663534033
2.142954253E9	183.33619049378382
2.149768098E9	183.25330959783372
2.156581943E9	182.79947383066454
2.163395788E9	184.07155241166475
2.170209633E9	184.4447359415992
2.177023478E9	183.7383063339171
2.183837323E9	184.00975010960104
2.190651168E9	184.09602340309254
2.197465013E9	184.7725793767059
2.204278858E9	184.8387115830515
2.2082174155E9	186.17022779445523
2.211624338E9	184.58569252586796
2.217906548E9	184.94569515982792
2.224720393E9	185.93812664674365
2.231534238E9	188.59198221830633
2.238348083E9	183.19023444711095
2.245161928E9	182.65014029738626
2.251975773E9	184.213654979759
2.258789618E9	181.20727844026064
2.265603463E9	181.58822998193858
2.272417308E9	183.11639080344116
2.279231153E9	185.65686837571138
2.286044998E9	183.19445572488084
2.292858843E9	183.0066371681416
2.299672688E9	183.831206336031
2.306486533E9	181.24537589862314
2.313300378E9	183.55957387716236
2.320114223E9	185.5073448921219
2.326928068E9	184.5271517059155
2.333741913E9	185.9846884004746
2.3376495495E9	183.13028425655978
2.341056472E9	197.206572056324
2.347369603E9	183.15866824370235
2.354183448E9	184.45911543091535
2.360997293E9	184.53874710878733
2.367811138E9	184.00620122893656
2.374624983E9	181.7333096660947
2.381438828E9	183.19375802310654
2.388252673E9	183.05162196482857
2.395066518E9	183.8057475065708
2.401880363E9	183.41581366540618
2.408694208E9	183.79085460027946
2.415508053E9	183.1762769850378
2.422321898E9	182.45922870993417
2.429135743E9	183.10899627097575
2.435949588E9	183.3479345716662
2.442763433E9	183.401033366325
2.449577278E9	184.277978600347
2.456391123E9	184.70428242565671
2.4612717095E9	185.63772325299115
2.462753523E9	227.62482343090142
2.4646867815E9	205.76890399320305
2.470018813E9	187.21476492815464
2.476832658E9	182.8790306294177
2.483646503E9	183.4189827359294
2.490460348E9	199.91963218390805
2.497274193E9	192.30385412043202
2.504088038E9	182.42217261473343
2.510901883E9	182.11787673854792
2.517715728E9	183.95120244127776
2.524529573E9	181.98267786369559
2.531343418E9	183.40174648804035
2.538157263E9	184.90987515780614
2.544971108E9	182.77344525679212
2.551784953E9	181.46108919195999
2.558598798E9	183.1011447915859
2.565412643E9	183.6261321520209
2.572226488E9	181.92571040349736
2.579040333E9	180.79696176677092
2.585854178E9	184.33519170132067
2.592668023E9	180.46771357171505
2.599481868E9	182.61965093050154
2.606295713E9	182.42677288755388
2.613109558E9	186.9124094429178
2.619923403E9	183.90156270518713
2.626737248E9	183.0460994536021
2.631968571E9	183.48294147712753
2.6353754935E9	175.26956521739132
2.640364938E9	186.15384615384616
2.647178783E9	200.48181818181817
2.653992628E9	201.8846153846154
2.660806473E9	199.2173913043478
2.667620318E9	191.14705882352942
2.674434163E9	174.31313131313132
2.681248008E9	201.85714285714286
2.688061853E9	175.2
2.694875698E9	197.05
2.701689543E9	156.64705882352942
2.708503388E9	185.22222222222223
2.715317233E9	186.0
2.7221309125E9	180.30699774266367
