# Position (bp)	A	C	G	T	N
0.0	38.471489107944265	11.574512200771432	13.925535959923494	36.02370250806326	0.004760223297554006
1.0	38.0656388520171	12.16252742646532	13.805107629180627	35.963883255071536	0.002842837265410744
2.0	37.5576804766861	12.06471946408502	13.469283183237376	36.907231864200774	0.0010850117907273936
3.0	37.35921639597484	12.295329678439204	13.298587958209387	37.04479699881484	0.0020689685617301767
4.0	37.29129944469203	12.215927026361904	13.056250042881901	37.43502893550929	0.0014945505548744978
5.0	37.09780035666039	12.370724701181636	12.921969196408886	37.608157459038544	0.0013482867105362463
6.0	37.219579633456426	12.229989630159372	12.862282910548384	37.68585547249364	0.0022923533421740517
7.0	37.059008525799264	12.44428477751328	12.682439546892693	37.81265558816441	0.0016115616303450993
8.0	36.91356375898931	12.363895509322353	12.582248813520991	38.13903138976341	0.0012605284039332956
9.0	36.84266036593937	12.496126002632005	12.563963173636086	38.09692601799237	3.2443980016848533E-4
10.0	36.931096804911526	12.32284323723054	12.429708920589317	38.31634837792599	2.659342624331847E-6
11.0	36.73287738372171	12.499123081769627	12.370073162238675	38.39743971256974	4.86659700252728E-4
12.0	36.75525575190546	12.508380253444926	12.393587069723017	38.340279802202346	0.0024971227242476042
13.0	36.62582820572185	12.658284737835887	12.353032094701955	38.362437444948284	4.1751679202009994E-4
14.0	36.7374780464618	12.498040729321524	12.284562000153285	38.47969583928295	2.2338478044387516E-4
15.0	36.86636574609267	12.527734949064811	12.345734858540789	38.26013253419024	3.191211149198216E-5
16.0	36.96020862862009	12.513172388853972	12.290787521236846	38.23456029551466	0.0012711657744306228
17.0	37.035249958793486	12.488366040854205	12.248472061398477	38.22767525746027	2.3668149356553434E-4
18.0	37.144248434936976	12.51662155623773	12.114364072196047	38.22401068332394	7.552533053102445E-4
19.0	37.08437865443539	12.495163320601996	12.129341489856284	38.290760183194664	3.5635191166046747E-4
20.0	37.05984448479878	12.435652142598741	12.144004623082742	38.36022214755151	2.766019682251361E-4
21.0	37.09183640083845	12.484983712105635	12.156092360896945	38.26585063251017	0.0012368936487984921
22.0	37.08742022643614	12.584809793857769	12.095393592148909	38.232142268043425	2.3411951375505353E-4
23.0	37.13462724340465	12.5540665916162	12.117276280076933	38.193521636455685	5.082484465293097E-4
24.0	37.21036381079555	12.461269987489125	12.081025111843969	38.24667835022543	6.627396459240247E-4
25.0	37.1599415710593	12.515685266542572	12.143016671608336	38.18112753308752	2.2895770227421291E-4
26.0	37.272040465740886	12.395334836248463	12.093456668138193	38.23916802987245	0.0
27.0	37.31308748310288	12.387420938123153	12.145195209498656	38.15427239417872	2.3975096587672454E-5
28.0	37.29944943384374	12.393024042658132	12.113393428897753	38.194133094600375	0.0
29.0	37.319050703602116	12.343878701608196	12.14505212706689	38.192018467722804	0.0
30.0	37.39643586577069	12.370047661701918	12.137155194000167	38.09636127852722	0.0
31.0	37.32860513220288	12.492162563250712	12.10926161135112	38.06950650939088	4.6418380440831086E-4
32.0	37.440203604852286	12.353544318955812	12.08169612138062	38.124441194625774	1.1476018550690416E-4
33.0	37.46779979938361	12.36405735517182	12.131353242658758	38.036693483780226	9.611900558160396E-5
34.0	37.48613588611905	12.304751486885563	12.128882282437752	38.080032681686035	1.9766287160185802E-4
35.0	37.37641410853531	12.3338262049029	12.137432949455407	38.15155176780252	7.7496930386672E-4
36.0	37.417530974175314	12.317679996706211	12.023904561415517	38.24023480004941	6.496676535555E-4
37.0	37.33155346095588	12.364285444509271	12.049347430652972	38.25188471708193	0.0029289467999477443
38.0	37.43992381284123	12.269293645688338	11.997328546711909	38.292511985264404	9.42009494117619E-4
39.0	37.42955515820804	12.31850402408076	12.048883383858588	38.2017856004901	0.0012718333625185623
40.0	37.497035030177464	12.27920518716347	12.07690945530015	38.146263629015905	5.866983430192139E-4
41.0	37.50098910345733	12.25230061711478	12.09318362434955	38.15351057209529	1.608298304596259E-5
42.0	37.52237407056266	12.173267227018504	12.010699591192537	38.29361351622507	4.5595001221543726E-5
43.0	37.42541074659552	12.309281487351933	12.020195170097352	38.24495694379452	1.55652160681443E-4
44.0	37.50671495175157	12.25874341431233	12.0689940833773	38.16553680932131	1.0741237493138028E-5
45.0	37.623097754808306	12.266114333039358	12.113761137166405	37.99668283831801	3.4393666793188784E-4
46.0	37.72541057326757	12.207870817026297	12.050471469392011	38.01595406670818	2.9307360594699584E-4
47.0	37.71060797751714	12.182675819135582	11.999396665874023	38.10713926907136	1.8026840189263528E-4
48.0	37.73888946567595	12.108113577462168	12.04613020874618	38.10650595703765	3.607910780566651E-4
49.0	37.59561435428137	12.169609125229815	12.016935477243576	38.217199772429694	6.412708155361596E-4
50.0	37.675997680841036	12.10568999104726	11.988459320531293	38.22971818529856	1.3482228185202026E-4
51.0	37.73660835936012	12.126827580203152	12.044242038566509	38.0919631185557	3.589033145233815E-4
52.0	37.80060281319124	12.168605669403917	12.05836223371711	37.97212681033341	3.0247335432552426E-4
53.0	37.85437581464462	12.109651706180443	12.066259852496888	37.968980149267544	7.324774105047747E-4
54.0	37.929431716759495	12.126715418681577	12.020826988021268	37.921716574735555	0.001309301802099736
55.0	37.903301138249404	12.166808877670613	12.06041190595543	37.86870641849154	7.71659633011675E-4
56.0	37.81898677584235	12.16214147021248	12.102085741423068	37.91558543996553	0.0012005725565753557
57.0	37.74320923849716	12.153151965689322	12.11072856780871	37.99117683384625	0.0017333941585593417
58.0	37.74286389390634	12.1864265850204	11.998977520937931	38.06972266694558	0.0020093331897474698
59.0	37.73967232658238	12.128053378859462	11.994304522664013	38.13663247359821	0.001337298295936774
60.0	37.85243795791565	12.084634333182743	11.998092237248823	38.06345047159524	0.0013850000575496096
61.0	37.91227410479561	12.076867866893757	12.003803633239013	38.005746855285096	0.0013075397865288752
62.0	37.77993761813322	12.155191720117852	12.07984608414865	37.9833201103033	0.0017044672969723097
63.0	37.80266378864259	12.101587740526123	12.122952853570915	37.97161882956422	0.001176787696141294
64.0	37.75685036828403	12.166248495724552	12.105137092109743	37.970719778340154	0.001044265541527953
65.0	37.699561248343514	12.188323668680434	12.115633143452591	37.99546919356819	0.0010127459552774123
66.0	37.768859036887804	12.164804942389836	12.075468926381488	37.99027784279338	5.892515474841918E-4
67.0	37.756159359296774	12.146508084069026	12.059310561880492	38.03767345714889	3.485376048199403E-4
68.0	37.705662794528536	12.149070191073434	12.016642759173514	38.12840989575644	2.1435946807632383E-4
69.0	37.71046917929436	12.167004394911887	12.000585544240336	38.12049050641403	0.001450375139392197
70.0	37.74365261385495	12.178809182759133	11.960874242416308	38.116570249220885	9.371174872462444E-5
71.0	37.7229777789838	12.112237507512265	11.955578229420281	38.20919544221457	1.104186908368028E-5
72.0	37.81146307653201	12.203220811783739	11.951872235849955	38.033438346220926	5.529613374409513E-6
73.0	37.793472260773484	12.238500939727686	11.988530910708798	37.97941280914731	8.307964272098126E-5
74.0	37.768632263384156	12.213486520375792	12.018596242969501	37.999240589240166	4.438403038175648E-5
75.0	37.94192865827978	12.141448182699435	12.049384633118002	37.867227410472715	1.111543007321845E-5
76.0	37.985357385110056	12.116394407106162	12.091687910541937	37.8041467161127	0.002413581129147302
77.0	37.942400861150404	12.088962709076174	12.151954803437249	37.816274434014524	4.071923216469044E-4
78.0	37.90007735725875	12.116660468920678	12.178478653990405	37.8045963020749	1.8721775526246755E-4
79.0	37.81725416483934	12.124006470401408	12.15133791362256	37.906900290684256	5.011604524263782E-4
80.0	37.78937498039707	12.109422012835056	12.111540110914277	37.98936271506621	3.001807873859881E-4
81.0	37.85363995499209	12.107428624440477	12.12367195390133	37.91488276085999	3.767058061187987E-4
82.0	37.8020260831898	12.11868953449534	12.133972829597429	37.944688952124324	6.226005930989035E-4
83.0	37.89172625254572	12.12811610069187	12.156569606088633	37.82316171805868	4.263226150934129E-4
84.0	37.9238682535434	12.09778592048293	12.196771175185962	37.77996738899785	0.0016072617898665372
85.0	37.94339045696418	12.12011559261067	12.1484955542929	37.78720990629139	7.88489840861478E-4
86.0	37.961711385144106	12.07045782918787	12.114354662531722	37.85294447107444	5.316520618717905E-4
87.0	37.92743336570827	12.113713145912877	12.120259764822192	37.837593347745965	0.0010003758106962917
88.0	37.9537740486277	12.121712152828406	12.080620983263884	37.84233843128424	0.001554383995765218
89.0	37.99562786075091	12.097220224026014	12.058900693573188	37.847566535063606	6.84686586290764E-4
90.0	37.991035383012836	12.088590637110714	12.084459741970731	37.83446928640682	0.001444951498895876
91.0	37.963820607668254	12.092482741624105	12.099491672465431	37.84342140685346	7.835713887549727E-4
92.0	37.96119036880553	12.069241924030468	12.136927665385363	37.83090080597978	0.0017392357988580153
93.0	37.96922263790975	12.096699461583063	12.096351740618706	37.83727991798422	4.462419042590892E-4
94.0	37.818103214448776	12.14103357218602	12.108808631110545	37.930028715570295	0.0020258666843695054
95.0	37.83987080112475	12.078939628729636	12.09274845975115	37.98688703376134	0.0015540766331224231
96.0	37.92630440686208	12.109650827058132	12.097894881310872	37.865120252297395	0.0010296324715192541
97.0	37.93619809530741	12.119497648077502	12.149648506550857	37.79042101298257	0.004234737081667477
98.0	37.927168817842364	12.065443153343795	12.196869972812996	37.807535165132606	0.0029828908682432665
99.0	38.00504303975623	12.06423027988525	12.170572781277762	37.75819488050829	0.001959018572471144
100.0	38.053759543928	12.06202219572066	12.119486067375924	37.763655801757565	0.0010763912178574904
101.0	38.01682235236157	12.10884263041912	12.11849108214618	37.75384698531715	0.0019969497559703593
102.0	38.039162326499095	12.069333150117771	12.143469734332456	37.7466248258083	0.0014099632423777595
103.0	38.003642880849334	12.129293303185298	12.16978708260431	37.696287178621105	9.895547399492125E-4
104.0	37.96440423833868	12.115143559172173	12.161759300035976	37.756603698438994	0.0020892040141737137
105.0	38.00201766389847	12.137525634873802	12.155784229772614	37.703121956774915	0.0015505146802004535
106.0	38.00903314381331	12.093437436770557	12.111646605675865	37.78087225742982	0.005010556310443629
107.0	37.98785922666378	12.080331254182193	12.136738378491287	37.79418735082808	8.837898346554169E-4
108.0	38.037943973638846	12.031891025508589	12.149854372303292	37.777188690516255	0.0031219380330192695
109.0	38.00623272263923	12.068629116113854	12.148211223973004	37.77610000637874	8.269308951680645E-4
110.0	37.96120615476894	12.035602408989332	12.164705037333936	37.83786880118322	6.175977245723513E-4
111.0	37.99671340523902	12.074832633208157	12.196376828948539	37.731009975806565	0.0010671567977205531
112.0	38.033055771535764	12.035130324347646	12.196186958093516	37.734801014567964	8.259314551070257E-4
113.0	37.93892343272668	12.0640547662928	12.274993306098418	37.72127376726518	7.547276169240621E-4
114.0	37.95050023963151	12.100074298514114	12.295949338414673	37.65244074662816	0.0010353768115435767
115.0	37.97091607684274	12.082890794065683	12.275842131931208	37.67029090248912	6.0094671247356626E-5
116.0	38.04003414650647	12.061374059896522	12.208663614183644	37.688656523429884	0.0012716559834847494
117.0	38.10578306186493	12.114232646876992	12.18228724293682	37.597294358403744	4.026899175137643E-4
118.0	38.050945198152526	12.097844233729928	12.160093135899382	37.69095998648409	1.5744573407852505E-4
119.0	38.0161641509081	12.06673667662041	12.159658234767608	37.75204851487538	0.005392422828500567
120.0	38.033455130202874	12.054429485013019	12.138247489172302	37.77349096642077	3.769291910244971E-4
121.0	37.9648327258633	12.09679019260034	12.140693805197975	37.796513210581665	0.0011700657567150254
122.0	37.97862854291262	12.055833011371048	12.16997386129822	37.79286526313139	0.0026993212867325927
123.0	38.01955130878004	12.067102393544923	12.160496067181255	37.75063720433069	0.0022130261630965878
124.0	38.002638718460005	12.096526259895526	12.182283278370019	37.717010560199746	0.0015411830747075015
125.0	38.00759991247493	12.085431488634086	12.188100229269175	37.71773259416575	0.0011357754560532124
126.0	38.042948553979535	12.078894150413412	12.176127465404251	37.701378797079016	6.510331237894958E-4
127.0	37.99307862059029	12.07375306089577	12.21518462562093	37.71768125634182	3.024365511902747E-4
128.0	38.00789642655661	12.046511514716606	12.244547714857898	37.701013495507055	3.0848361826879744E-5
129.0	38.04340928692093	12.145094812119495	12.198376298311997	37.61292119376844	1.984088791384655E-4
130.0	38.125860270643095	12.240990680675667	12.041382350014594	37.59141775192102	3.489467456183261E-4
131.0	37.909098670182054	12.169423431527852	12.03715642752737	37.884161167050486	1.6030371223527126E-4
132.0	35.29619899687955	10.165913636305234	14.203612066148452	40.33329849389169	9.768067750716806E-4
