#Insert size (bp)	insert size
20.0	592.0
21.0	1084.0
22.0	1752.0
23.0	2252.0
24.0	2732.0
25.0	3249.0
26.0	3720.0
27.0	4084.0
28.0	4268.0
29.0	4650.0
30.0	5223.0
31.0	5372.0
32.0	5594.0
33.0	5836.0
34.0	5844.0
35.0	6113.0
36.0	6393.0
37.0	6572.0
38.0	6848.0
39.0	7033.0
40.0	7442.0
41.0	7559.0
42.0	8075.0
43.0	8148.0
44.0	8348.0
45.0	8718.0
46.0	9063.0
47.0	9344.0
48.0	9625.0
49.0	10134.0
50.0	10378.0
51.0	10825.0
52.0	11163.0
53.0	11189.0
54.0	11578.0
55.0	12087.0
56.0	12336.0
57.0	12726.0
58.0	13063.0
59.0	13731.0
60.0	14384.0
61.0	15039.0
62.0	15541.0
63.0	16019.0
64.0	16311.0
65.0	16985.0
66.0	17633.0
67.0	18250.0
68.0	18475.0
69.0	19100.0
70.0	19819.0
71.0	20616.0
72.0	21226.0
73.0	21883.0
74.0	22498.0
75.0	23391.0
76.0	24084.0
77.0	24516.0
78.0	25353.0
79.0	25828.0
80.0	26946.0
81.0	27359.0
82.0	28097.0
83.0	28819.0
84.0	29803.0
85.0	30231.0
86.0	31399.0
87.0	32269.0
88.0	33176.0
89.0	33880.0
90.0	35695.0
91.0	36578.0
92.0	37666.0
93.0	38824.0
94.0	39702.0
95.0	40262.0
96.0	41744.0
97.0	42565.0
98.0	43339.0
99.0	44243.0
100.0	45647.0
101.0	46688.0
102.0	47390.0
103.0	48532.0
104.0	50199.0
105.0	50781.0
106.0	52218.0
107.0	53172.0
108.0	54221.0
109.0	55093.0
110.0	56324.0
111.0	57881.0
112.0	58440.0
113.0	59405.0
114.0	61051.0
115.0	61775.0
116.0	63147.0
117.0	64395.0
118.0	65469.0
119.0	67319.0
120.0	68919.0
121.0	69916.0
122.0	71502.0
123.0	71260.0
124.0	71599.0
125.0	72503.0
126.0	75046.0
127.0	77735.0
128.0	79751.0
129.0	83351.0
130.0	88066.0
131.0	96986.0
132.0	109393.0
133.0	109994.0
134.0	90012.0
135.0	90960.0
136.0	90819.0
137.0	91987.0
138.0	92924.0
139.0	94835.0
140.0	94705.0
141.0	95148.0
142.0	95569.0
143.0	97420.0
144.0	97491.0
145.0	98703.0
146.0	99352.0
147.0	100371.0
148.0	100595.0
149.0	101142.0
150.0	102592.0
151.0	103525.0
152.0	103512.0
153.0	103697.0
154.0	103743.0
155.0	105039.0
156.0	106250.0
157.0	106190.0
158.0	107047.0
159.0	106322.0
160.0	107372.0
161.0	107737.0
162.0	108420.0
163.0	108931.0
164.0	109494.0
165.0	109703.0
166.0	109382.0
167.0	110404.0
168.0	110903.0
169.0	110918.0
170.0	111283.0
171.0	111553.0
172.0	112003.0
173.0	111588.0
174.0	111945.0
175.0	112735.0
176.0	111683.0
177.0	112971.0
178.0	113110.0
179.0	112568.0
180.0	112455.0
181.0	112998.0
182.0	113271.0
183.0	112825.0
184.0	112637.0
185.0	111987.0
186.0	111576.0
187.0	111451.0
188.0	111617.0
189.0	110736.0
190.0	110508.0
191.0	111138.0
192.0	109400.0
193.0	109368.0
194.0	109712.0
195.0	108325.0
196.0	108744.0
197.0	108312.0
198.0	107605.0
199.0	107022.0
200.0	107628.0
201.0	106603.0
202.0	106154.0
203.0	105678.0
204.0	105309.0
205.0	104497.0
206.0	104097.0
207.0	103681.0
208.0	103192.0
209.0	102816.0
210.0	103254.0
211.0	101089.0
212.0	100309.0
213.0	98950.0
214.0	99145.0
215.0	97911.0
216.0	97327.0
217.0	96718.0
218.0	95779.0
219.0	95264.0
220.0	94773.0
221.0	94418.0
222.0	93574.0
223.0	92661.0
224.0	92158.0
225.0	91802.0
226.0	90460.0
227.0	89655.0
228.0	88914.0
229.0	88289.0
230.0	87472.0
231.0	87532.0
232.0	86399.0
233.0	85727.0
234.0	84477.0
235.0	83300.0
236.0	82360.0
237.0	82038.0
238.0	81206.0
239.0	80965.0
240.0	79881.0
241.0	79510.0
242.0	77957.0
243.0	77952.0
244.0	77427.0
245.0	76265.0
246.0	75652.0
247.0	75224.0
248.0	73768.0
249.0	73237.0
250.0	72719.0
251.0	72096.0
252.0	71491.0
253.0	70551.0
254.0	70552.0
255.0	69086.0
256.0	69439.0
257.0	68258.0
258.0	67822.0
259.0	66744.0
260.0	66099.0
261.0	65219.0
262.0	64763.0
263.0	63603.0
264.0	63197.0
265.0	62061.0
266.0	61375.0
267.0	60118.0
268.0	59202.0
269.0	58188.0
270.0	58349.0
271.0	57591.0
272.0	56682.0
273.0	56324.0
274.0	55510.0
275.0	54670.0
276.0	54085.0
277.0	53810.0
278.0	53026.0
279.0	52224.0
280.0	51754.0
281.0	50950.0
282.0	50197.0
283.0	49818.0
284.0	49267.0
285.0	48477.0
286.0	48733.0
287.0	47793.0
288.0	47463.0
289.0	46398.0
290.0	46328.0
291.0	45763.0
292.0	45021.0
293.0	44862.0
294.0	43689.0
295.0	43519.0
296.0	42918.0
297.0	42183.0
298.0	41686.0
299.0	41278.0
300.0	40779.0
301.0	40410.0
302.0	39672.0
303.0	38970.0
304.0	38747.0
305.0	38310.0
306.0	37996.0
307.0	37091.0
308.0	36472.0
309.0	35632.0
310.0	35402.0
311.0	34651.0
312.0	34678.0
313.0	34072.0
314.0	33641.0
315.0	33147.0
316.0	32664.0
317.0	32438.0
318.0	31836.0
319.0	31642.0
320.0	31062.0
321.0	30731.0
322.0	30391.0
323.0	29766.0
324.0	29767.0
325.0	29203.0
326.0	29021.0
327.0	28142.0
328.0	27663.0
329.0	27444.0
330.0	26928.0
331.0	26654.0
332.0	26423.0
333.0	26325.0
334.0	25503.0
335.0	25343.0
336.0	25347.0
337.0	24604.0
338.0	24221.0
339.0	24067.0
340.0	23605.0
341.0	23201.0
342.0	23039.0
343.0	22746.0
344.0	22408.0
345.0	21976.0
346.0	22143.0
347.0	21364.0
348.0	20975.0
349.0	20867.0
350.0	20584.0
351.0	20460.0
352.0	19568.0
353.0	19422.0
354.0	19003.0
355.0	19168.0
356.0	18568.0
357.0	18348.0
358.0	18113.0
359.0	17913.0
360.0	17587.0
361.0	17528.0
362.0	17098.0
363.0	16926.0
364.0	16586.0
365.0	16103.0
366.0	16266.0
367.0	15990.0
368.0	15551.0
369.0	15631.0
370.0	15068.0
371.0	14964.0
372.0	14716.0
373.0	14700.0
374.0	14458.0
375.0	14070.0
376.0	14200.0
377.0	13789.0
378.0	13583.0
379.0	13363.0
380.0	13021.0
381.0	12861.0
382.0	12731.0
383.0	12550.0
384.0	12410.0
385.0	12093.0
386.0	11887.0
387.0	11793.0
388.0	11633.0
389.0	11183.0
390.0	11247.0
391.0	10968.0
392.0	10726.0
393.0	10793.0
394.0	10512.0
395.0	10277.0
396.0	10271.0
397.0	10083.0
398.0	10033.0
399.0	9837.0
400.0	9644.0
401.0	9447.0
402.0	9327.0
403.0	9112.0
404.0	8816.0
405.0	8946.0
406.0	8763.0
407.0	8537.0
408.0	8557.0
409.0	8366.0
410.0	8150.0
411.0	8049.0
412.0	7977.0
413.0	7685.0
414.0	7664.0
415.0	7476.0
416.0	7405.0
417.0	7335.0
418.0	7242.0
419.0	7143.0
420.0	7078.0
421.0	6728.0
422.0	6737.0
423.0	6519.0
424.0	6345.0
425.0	6507.0
426.0	6242.0
427.0	6063.0
428.0	5956.0
429.0	5832.0
430.0	5891.0
431.0	5741.0
432.0	5723.0
433.0	5567.0
434.0	5482.0
435.0	5422.0
436.0	5343.0
437.0	5228.0
438.0	5269.0
439.0	4987.0
440.0	4931.0
441.0	4978.0
442.0	4747.0
443.0	4858.0
444.0	4680.0
445.0	4700.0
446.0	4500.0
447.0	4564.0
448.0	4420.0
449.0	4248.0
450.0	4284.0
451.0	4187.0
452.0	4081.0
453.0	4031.0
454.0	3955.0
455.0	4006.0
456.0	3802.0
457.0	3720.0
458.0	3764.0
459.0	3673.0
460.0	3605.0
461.0	3573.0
462.0	3516.0
463.0	3462.0
464.0	3335.0
465.0	3211.0
466.0	3209.0
467.0	3197.0
468.0	3100.0
469.0	3031.0
470.0	3060.0
471.0	3036.0
472.0	2815.0
473.0	2847.0
474.0	2720.0
475.0	2792.0
476.0	2580.0
477.0	2612.0
478.0	2558.0
479.0	2682.0
480.0	2411.0
481.0	2507.0
482.0	2392.0
483.0	2441.0
484.0	2292.0
485.0	2292.0
486.0	2225.0
487.0	2175.0
488.0	2224.0
489.0	2130.0
490.0	2059.0
491.0	2091.0
492.0	2092.0
493.0	1944.0
494.0	1964.0
495.0	1933.0
496.0	1873.0
497.0	1847.0
498.0	1873.0
499.0	1846.0
500.0	1787.0
