# Position (bp)	A	C	G	T	N
0.0	38.33843338335654	11.461201131156589	13.807677801353593	36.387743277936195	0.004944406197085624
1.0	38.00862532235767	12.051981659607193	13.602749176716552	36.33384466553107	0.002799175787515531
2.0	37.524462021337925	11.944951795055932	13.278242658135936	37.251231094402925	0.0011124310672798792
3.0	37.34460291157718	12.160300110253743	13.149490224240523	37.3435097851705	0.002096968758061204
4.0	37.297156881978786	12.061453008715812	12.93561630249631	37.704258390951715	0.0015154158573790978
5.0	37.10418025533792	12.20740830829157	12.819911406086327	37.867112507803306	0.0013875224808805435
6.0	37.234636325531596	12.065798970434189	12.763848258611024	37.93333955908638	0.002376886336812757
7.0	37.086847083198506	12.28986575297708	12.58193561557857	38.03969617359909	0.0016553746467548745
8.0	36.96464134233027	12.181472496770693	12.467526544511601	38.385153075099716	0.0012065412877222117
9.0	36.88974891151878	12.328130003375902	12.435191238000645	38.34658718937896	3.426577257131081E-4
10.0	36.96663937470274	12.147127092474392	12.28502510933074	38.60120842349213	0.0
11.0	36.78023115883223	12.32317835793109	12.227130432180676	38.66893399905456	5.260520014468842E-4
12.0	36.833379302556395	12.323796107070404	12.23803997850426	38.6022725929079	0.002512018961037645
13.0	36.69381384564041	12.456520474884998	12.20231187789223	38.64686394581954	4.89855762815218E-4
14.0	36.815616601718546	12.290160149051285	12.139195290048905	38.754776998593414	2.5096058784622005E-4
15.0	36.94106552556818	12.336100415122596	12.191161023311102	38.5316561444201	1.6891578028110963E-5
16.0	37.01224422229606	12.32257991345238	12.129687744701654	38.53416333721598	0.0013247823339189884
17.0	37.10672123128986	12.284185356594485	12.08633430315122	38.522556410028095	2.0269893633733158E-4
18.0	37.23606728349883	12.30306048849961	11.946887087281437	38.51317675805734	8.08382662773882E-4
19.0	37.16572592642463	12.285659750048081	11.962646929581666	38.5855764745684	3.909193772219966E-4
20.0	37.14709181831933	12.214841867961999	12.000902980036843	38.63686890465548	2.9442902633865535E-4
21.0	37.20802156184857	12.270958761504334	11.988759029108568	38.531010363479055	0.0012502840594695922
22.0	37.22095035856351	12.355953333416055	11.9192416977039	38.50361078973198	2.438205845504366E-4
23.0	37.26124609122137	12.320999005466193	11.949894715594478	38.467345898568176	5.142891497786263E-4
24.0	37.327546224321914	12.236004407347592	11.904835101806711	38.53088977102924	7.244954945436434E-4
25.0	37.28984427190492	12.28118219010279	11.950281486256712	38.47837561762624	3.164341093360526E-4
26.0	37.392817868816344	12.15026231096816	11.911030127043006	38.54588727705187	2.416120627431735E-6
27.0	37.4170840934308	12.152416952259824	11.970822504187439	38.45964019890126	3.625122066922798E-5
28.0	37.417556106448636	12.154304340278546	11.927267029242723	38.5008725240301	0.0
29.0	37.442988071413566	12.104495274107748	11.952733484670345	38.49978316980834	0.0
30.0	37.523752655128256	12.129756947066562	11.952978995006832	38.393511402798346	0.0
31.0	37.45665041991248	12.243461525293046	11.919191845869127	38.380214698152635	4.815107727146961E-4
32.0	37.591349354903954	12.107894019112141	11.896895295856163	38.40374514806774	1.1618205999893306E-4
33.0	37.61351061312928	12.114288611538154	11.94835000003511	38.32374181702162	1.08958275832621E-4
34.0	37.63378634914674	12.061480634489543	11.943813560323727	38.360732952031945	1.8650400804379676E-4
35.0	37.52864608604348	12.077362635019528	11.947611593467574	38.4456019061167	7.777793527203922E-4
36.0	37.595444433114125	12.05645045276122	11.835513283098951	38.51195192523535	6.399057903547922E-4
37.0	37.49090274233186	12.10129860367673	11.839080320413574	38.56574067450767	0.0029776590701604856
38.0	37.602722320389915	12.010823048689504	11.794901563264567	38.59057306181285	9.80005843163552E-4
39.0	37.595841649439905	12.063143076346075	11.840327841760583	38.49947406654851	0.0012133659049276852
40.0	37.67469053754313	12.021560156768917	11.867348167772446	38.43587431169365	5.268262218550678E-4
41.0	37.639743991805005	12.00852551046778	11.8857710421381	38.465923023444425	3.643214469332295E-5
42.0	37.67410379089224	11.91598366132979	11.808326792843449	38.60153715686727	4.8598067254865276E-5
43.0	37.60502521937456	12.056757467727367	11.812052435139615	38.526021448422846	1.434293356117367E-4
44.0	37.6772973274558	11.989874429244288	11.85809880518343	38.4747197095678	9.728548683919502E-6
45.0	37.80185804844688	12.002296067934996	11.906350795916278	38.28919335770614	3.017299956966976E-4
46.0	37.891467229943274	11.932368438760564	11.852306800599049	38.32358486441133	2.7266628577783366E-4
47.0	37.892460179965795	11.905378208879425	11.787095489528992	38.414842032126394	2.24089499397455E-4
48.0	37.940706870053695	11.82445401361576	11.830383297366081	38.40410488725051	3.509317139524406E-4
49.0	37.78142274316162	11.893550278239772	11.798746932881352	38.52556560692636	7.144387908954945E-4
50.0	37.85359929800714	11.835026407804481	11.773545675097601	38.53766271870093	1.6590038984395873E-4
51.0	37.91094193914335	11.866226284890386	11.833869204503316	38.388601285314536	3.6128614841844913E-4
52.0	37.9803903613296	11.909159996255042	11.847748739587816	38.26241512138493	2.857814426086013E-4
53.0	38.03290625873822	11.84377341928252	11.847649672181674	38.27486900354858	8.016462490055492E-4
54.0	38.1173687715012	11.847670743470157	11.80693996258442	38.226677910693624	0.0013426117506016258
55.0	38.089622837742475	11.885504416062606	11.839936194211415	38.18416080812835	7.757438551542821E-4
56.0	38.039480306507954	11.869157507654165	11.860657845449008	38.22949220187215	0.0012121385167249527
57.0	37.98712344758737	11.857415975766166	11.861488600815603	38.29223461652878	0.0017373593020765486
58.0	37.96675270554598	11.90838461838568	11.762625875110938	38.3601966052271	0.002040195730297012
59.0	37.9594365439006	11.848527013862403	11.753037626087488	38.43771292904029	0.0012858871092222203
60.0	38.056271323639926	11.804430601713456	11.781644453569601	38.35622672389319	0.0014268971838305288
61.0	38.121073710789645	11.80636494363939	11.779195148271896	38.2920536705462	0.0013125267528714903
62.0	37.98343708555169	11.883347835987735	11.843103000776436	38.28843438956592	0.0016776881182216142
63.0	38.036401761749325	11.823355008827631	11.890995471981503	38.248198915403776	0.0010488420377661428
64.0	37.99500490480576	11.886601107602921	11.88345428437149	38.23380615687177	0.001133546348048802
65.0	37.94477393105195	11.896956162009326	11.88567451206679	38.27154714362017	0.0010482512517661492
66.0	37.98157645194746	11.891370044317142	11.815543810178154	38.310885091185774	6.246023714646087E-4
67.0	37.977025473755795	11.880059914292996	11.798066107617835	38.34445558645329	3.92917880088926E-4
68.0	37.94509441825508	11.863894283532996	11.764079625342792	38.42672883776873	2.0283510040634302E-4
69.0	37.9179065992903	11.887578022499579	11.75395339212708	38.43920013701687	0.001361849066168953
70.0	37.951673782702535	11.88900456394142	11.723006553389279	38.43619116536131	1.2393460545926483E-4
71.0	37.93634105350189	11.83283304470687	11.720170709380902	38.51062789717239	2.7295237948718203E-5
72.0	38.03868131549284	11.905906637084428	11.705828554439641	38.349581008806304	2.4841767875341225E-6
73.0	38.0171814118234	11.965013926135647	11.749164419426007	38.2685432483672	9.69942477437024E-5
74.0	37.98386933321289	11.923106285285959	11.768438311364458	38.32452133154143	6.473859526311682E-5
75.0	38.165982423905156	11.85176539020186	11.798706431409945	38.18353328937972	1.2465103320000493E-5
76.0	38.19861649894661	11.845351933044673	11.84030222184547	38.11332555383263	0.002403792330614452
77.0	38.16895456473818	11.79986852411142	11.882407109475448	38.14839489894347	3.7490273148631584E-4
78.0	38.12803657572938	11.823136455286184	11.911490494908255	38.137166292943895	1.701811322881509E-4
79.0	38.0434447016538	11.832646392893578	11.907359122410991	38.21605859815633	4.911848852988062E-4
80.0	38.023816105465336	11.809019934924244	11.847802887038691	38.319044866284266	3.1620628746087734E-4
81.0	38.075463357217295	11.813123825012148	11.865827618059223	38.24516298631036	4.2221340097795186E-4
82.0	38.0531661915904	11.832351392708311	11.87440579810674	38.239470051570194	6.065660243593895E-4
83.0	38.111965723764	11.842455569583349	11.884520465978628	38.16067761990726	3.806207667597784E-4
84.0	38.16412584309081	11.807450819876376	11.92074023018952	38.106100175518556	0.001582931324739068
85.0	38.181632120862695	11.829082935089367	11.87771601382117	38.11080781356799	7.611166587777725E-4
86.0	38.189537333794675	11.77873045471422	11.824873043926413	38.206301951096	5.572164686948316E-4
87.0	38.16702888502499	11.81022723054789	11.834053190574116	38.18757690443213	0.0011137894208830342
88.0	38.191573324213635	11.816709531312371	11.804116236089492	38.185920955177174	0.0016799532073305736
89.0	38.22827995578572	11.806866187653215	11.784549761454844	38.17961156026013	6.925348460874403E-4
90.0	38.24365617443852	11.794810037065261	11.797962942494397	38.16202755491393	0.001543291087886805
91.0	38.20671118105139	11.805443116341916	11.805484009782836	38.18153615648529	8.255363385633404E-4
92.0	38.20656175506526	11.770765044514226	11.853421645493787	38.167487073638	0.0017644812887259145
93.0	38.21628020712386	11.796635394640791	11.817008325777206	38.169552571015664	5.235014424774306E-4
94.0	38.085978398847715	11.844814502732245	11.822380216559779	38.24479792131578	0.0020289605444835197
95.0	38.102551318992866	11.780724321124026	11.82764239316597	38.2875279956394	0.0015539710777376997
96.0	38.197397313507516	11.793364088025841	11.827374114475042	38.18080554483272	0.0010589391588830765
97.0	38.20407740421992	11.82424599230346	11.86092675168164	38.106406145779694	0.00434370601528472
98.0	38.18966031910447	11.766258823274226	11.899117612253105	38.141963894509715	0.0029993508584850483
99.0	38.27261951900464	11.75441395717478	11.87122135682329	38.09976599768923	0.0019791693080514613
100.0	38.30993656786538	11.772841919395116	11.82764085560904	38.08832402802085	0.0012566291096203978
101.0	38.28917357751196	11.794449186060355	11.819835671318067	38.09447938690841	0.002062178201208217
102.0	38.31456341452192	11.749758325088838	11.845482343083727	38.08872328041868	0.0014726368868393323
103.0	38.28749650581873	11.8194701034698	11.867731840240777	38.0243137217812	9.878286894876112E-4
104.0	38.22591586355258	11.805164605568088	11.842931142719628	38.12382292404568	0.0021654641140182716
105.0	38.272999024007575	11.830026214375655	11.840637813929128	38.05486289427692	0.0014740534107139168
106.0	38.28440395481565	11.784982099078935	11.799459879447907	38.12606498777575	0.005089078881755848
107.0	38.252089506345946	11.76644098934488	11.81100770161356	38.16954251794272	9.192847528892176E-4
108.0	38.313212385133596	11.71931545739652	11.824641552182332	38.13973677616557	0.003093829121981688
109.0	38.2684976513963	11.759422045829144	11.837780558476805	38.13348718501801	8.125592797410395E-4
110.0	38.233650187259485	11.737713911256591	11.851348568633927	38.17669209220117	5.952406488230322E-4
111.0	38.29607579715141	11.75932330542913	11.871235114458438	38.07232480543202	0.0010409775290071616
112.0	38.31330416925557	11.721511051275552	11.873042672703573	38.09131362271733	8.284840479849325E-4
113.0	38.25323502697937	11.746655314531008	11.940545062260977	38.05880375584388	7.608403847577948E-4
114.0	38.257045464079376	11.795255256860932	11.943862661186747	38.002842224944935	9.943929280079081E-4
115.0	38.280842268666184	11.764615749287893	11.929680184181176	38.0247990896291	6.270823564708001E-5
116.0	38.319605102413234	11.737677113387866	11.872484873188053	38.069086391071	0.0011465199398424544
117.0	38.38630599351862	11.787346104439758	11.852178637880721	37.97379300147001	3.762626909011332E-4
118.0	38.32940088134048	11.778672857138051	11.848178369472139	38.043587995186115	1.5989686321501534E-4
119.0	38.29276598307399	11.748657306429497	11.823333807891586	38.12944469377818	0.005798208826739225
120.0	38.324724533503904	11.737199468927484	11.794980198713692	38.14269842260526	3.973762496718867E-4
121.0	38.268390561559656	11.779976959608717	11.80839725574625	38.14208278496021	0.0011524381251645467
122.0	38.27888177224118	11.733282283812525	11.808645904454387	38.17646885565868	0.002721183833231058
123.0	38.314894224539316	11.757429288945637	11.812506512747307	38.112991317293954	0.0021786564737820086
124.0	38.3049609637923	11.78918129207263	11.81069936040723	38.09368802951838	0.0014703542094601006
125.0	38.314267647808606	11.769862173689578	11.812889481299202	38.10192951834388	0.0010511788587362495
126.0	38.35352871752536	11.755687036122167	11.822225907721476	38.06791585102866	6.424876023450626E-4
127.0	38.30155716428181	11.767404518866842	11.857463911201128	38.07331021764899	2.6418800123571064E-4
128.0	38.32884731924345	11.729012171080653	11.874317273917583	38.067794320470796	2.891528751829398E-5
129.0	38.35902409740673	11.81959753307449	11.839308052015248	37.9818504321963	2.1988530723738417E-4
130.0	38.40967275792188	11.925229518588413	11.688741613679897	37.97595682605227	3.992837575360272E-4
131.0	38.306598793741095	11.88148879824529	11.643694739215087	38.16808346185369	1.3420694483774536E-4
132.0	35.69513661142831	10.019436528852427	13.724830332958387	40.559642950876565	9.535758843058587E-4
