#Duplication rate	Coverage
1.0	3895967.0
2.0	689475.0
3.0	9203.0
4.0	2885.0
5.0	958.0
6.0	780.0
7.0	632.0
8.0	534.0
9.0	452.0
10.0	377.0
11.0	383.0
12.0	316.0
13.0	271.0
14.0	261.0
15.0	199.0
16.0	197.0
17.0	179.0
18.0	178.0
19.0	169.0
20.0	131.0
21.0	135.0
22.0	133.0
23.0	132.0
24.0	110.0
25.0	100.0
26.0	85.0
27.0	97.0
28.0	106.0
29.0	91.0
30.0	76.0
31.0	76.0
32.0	69.0
33.0	75.0
34.0	78.0
35.0	58.0
36.0	60.0
37.0	42.0
38.0	60.0
39.0	57.0
40.0	50.0
41.0	44.0
42.0	34.0
43.0	36.0
44.0	43.0
45.0	42.0
46.0	41.0
47.0	34.0
48.0	35.0
49.0	35.0
50.0	1309.0
