# Position (bp)	A	C	G	T	N
0.0	38.36017119583678	12.014458981545083	13.876053754083731	35.74931606853441	0.0
1.0	37.98773362491405	12.707071012053225	13.740561458219883	35.564633904812844	0.0
2.0	37.472417190465976	12.576844566128113	13.389223231420267	36.56151501198565	0.0
3.0	37.30428740829244	12.859169606017376	13.249058167692699	36.58748481799749	0.0
4.0	37.30667770877657	12.803959056489091	12.978612741487744	36.91075049324659	0.0
5.0	37.04200135366491	13.003252605876833	12.886828797333791	37.06791724312447	0.0
6.0	37.17961436725152	12.825381899925848	12.788071645752435	37.2069320870702	0.0
7.0	36.96617670898397	13.159233191604688	12.56811008465977	37.30648001475157	0.0
8.0	36.826478922042774	13.037525560938823	12.438440776441485	37.69755474057692	0.0
9.0	36.703081906072335	13.271882841488573	12.428556075191304	37.59647917724779	0.0
10.0	36.71194219282932	13.065957556171162	12.265979697901964	37.95612055309756	0.0
11.0	36.47846554930004	13.27436300289316	12.254836943765396	37.9923345040414	0.0
12.0	36.58358485404969	13.24197712716075	12.272216045781622	37.90222197300794	0.0
13.0	36.46635229722254	13.30421480066871	12.232749129517263	37.99668377259148	0.0
14.0	36.63615349251656	12.986430641567434	12.182858346479986	38.19455751943602	0.0
15.0	36.764906219346194	13.002228191383633	12.279171281024933	37.95369430824525	0.0
16.0	36.89480916595767	12.926816906936795	12.159728145554562	38.01864578155098	0.0
17.0	36.949983771117765	12.872073634194884	12.14650061806341	38.026212071053386	0.005229905570550348
18.0	37.062184116399365	12.821104520112131	11.995192800199275	38.10866845166399	0.01285011162523539
19.0	37.00163582819599	12.798082152291258	11.991131086594656	38.20915093291811	0.0
20.0	36.91255734501478	12.678811120385527	12.035209713262345	38.373421821337345	0.0
21.0	36.986009326157195	12.743321440005262	12.03516839554037	38.23548286258847	1.7975708705797508E-5
22.0	37.00803384336297	12.786656826249821	11.959738192173992	38.24557113821321	0.0
23.0	37.03683323613829	12.780725997543959	12.010394565133538	38.166795330969364	0.005250870214852302
24.0	37.110233181078584	12.604221714666425	11.984440444914348	38.29560060882713	0.005504050513513523
25.0	37.06235891759546	12.706799411722583	12.035937172202129	38.194886506143845	1.7992335984564016E-5
26.0	37.209545930272846	12.504866286242923	11.983905933764511	38.29234073992748	0.0093411097922368
27.0	37.16973641211141	12.58853407538979	12.05556060702907	38.1728990346484	0.013269870821318579
28.0	37.169356699486706	12.572339268535146	11.977378110955545	38.27768372404508	0.0032421969775159043
29.0	37.238076102831535	12.471094060418435	12.016599798358941	38.243542395528216	0.030687642862870564
30.0	37.34004025450772	12.482124532245072	12.014027058932975	38.13489010057858	0.02891805373565726
31.0	37.20026573499482	12.634191031570191	12.013703787012284	38.145850848928795	0.0059885974939162525
32.0	37.32929953295941	12.447250834980796	11.942454275033091	38.27305433141437	0.00794102561233429
33.0	37.39621992779637	12.504947927576787	11.979817511763066	38.11832842392977	6.862089340069256E-4
34.0	37.355338540655	12.4271938337525	11.95993341267967	38.24508477632663	0.01244943658620187
35.0	37.23762847381926	12.445526088176504	12.000297229044268	38.27894258778743	0.03760562117254327
36.0	37.37769968857992	12.376641359639711	11.905133202908614	38.33527933190317	0.005246416968576857
37.0	37.24286566440042	12.449167830566376	11.904652853145878	38.36815679018939	0.035156861697938836
38.0	37.40008822471759	12.281206776455415	11.817456356391627	38.48130297219472	0.019945670240643334
39.0	37.38275975594015	12.368039007807074	11.921938700774326	38.327262535478454	0.0
40.0	37.44072519093663	12.29227737544625	11.91247230153348	38.35452513208363	0.0
41.0	37.43773809493549	12.27374286055621	11.93070096093128	38.357818083577015	0.0
42.0	37.523553852510815	12.181534651828178	11.859185302904814	38.435726192756185	0.0
43.0	37.430754528086915	12.327726286136722	11.879495920425335	38.35443970294986	0.007583562401170451
44.0	37.470857538708124	12.252110479346051	11.95919791501149	38.31783406693434	0.0
45.0	37.587157858608336	12.309110763032278	11.991904798860595	38.11182657949879	0.0
46.0	37.68820397279939	12.203584042210423	11.885284537620553	38.22292744736963	0.0
47.0	37.6920603145679	12.215003153855589	11.84354905121511	38.249387480361406	0.0
48.0	37.74737775604869	12.05213666453456	11.913065608761988	38.28741997065476	0.0
49.0	37.63578967736013	12.11207619419659	11.906641699233877	38.34549242920941	0.0
50.0	37.71515936869864	12.061923277324492	11.848544354804751	38.37437299917211	0.0
51.0	37.783724143998185	12.093955844565246	11.87110762474845	38.218882075004856	0.032330311683265577
52.0	37.85356460942893	12.118508754321565	11.869462608582689	38.13738143564929	0.021082592017532497
53.0	37.915951783503374	12.066064389082586	11.877739364926576	38.134751955442724	0.005492507044737296
54.0	37.988747186520754	12.050206557838953	11.814626524079042	38.13895267763772	0.007467053923532218
55.0	37.93721163841402	12.126898893556998	11.86949920494838	38.06482501958856	0.001565243492039816
56.0	37.844573312021076	12.056385167981535	11.908380647639165	38.18236362131125	0.008297251046974796
57.0	37.7829639436342	12.061134150594466	11.94722394174739	38.20867796402395	0.0
58.0	37.756668443784534	12.114170087187226	11.806692956180118	38.32246851284812	0.0
59.0	37.7586656569899	11.996729594999547	11.788192223847634	38.443510824562985	0.012901699599936249
60.0	37.93300256510355	11.940836900714292	11.762847854399695	38.363294143118615	1.8536663852801093E-5
61.0	37.98581488660931	11.963301226299823	11.799622557025783	38.24953487931738	0.0017264507477016855
62.0	37.87947749136657	12.012481514410858	11.883096334786893	38.22494465943567	0.0
63.0	37.924254429291935	11.993653885365855	11.931961755721138	38.150129929621066	0.0
64.0	37.829416909245786	12.053647117279722	11.91267860503469	38.204257368439805	0.0
65.0	37.761946157170215	12.092133530397216	11.884102971670291	38.25856657136681	0.0032507693954633835
66.0	37.84488010008581	12.028861692382119	11.915394930021344	38.21058255815803	2.807193526986019E-4
67.0	37.78027782240655	12.053931224359674	11.879825883410724	38.28596506982305	0.0
68.0	37.74449465626605	11.988083884584512	11.845893571555477	38.42152788759397	0.0
69.0	37.78675068417889	12.008564818952484	11.796438788921053	38.406928622432034	0.001317085515540198
70.0	37.800307942410846	12.049132799787667	11.78337789600836	38.355984141418254	0.011197220374869366
71.0	37.806439452102815	11.936026659398943	11.749158536279028	38.47560638177116	0.03276897044805476
72.0	37.93060701825707	12.025144205965372	11.779902274175106	38.26319202113949	0.001154480462973162
73.0	37.86741363707736	12.096289699712433	11.806997329142087	38.229299334068116	0.0
74.0	37.877164213509694	12.050840239439117	11.819185041193387	38.252810505857795	0.0
75.0	38.03960307792863	11.977518109607594	11.883418234617023	38.07327411192648	0.026186465920266685
76.0	38.11719782472433	11.950540955908906	11.860260755177656	38.06734330372855	0.0046571604605549965
77.0	38.02033418457624	11.944162290895527	11.929662467839277	38.10584105668895	0.0
78.0	38.0589670272655	11.925051735301624	11.974749836592565	38.0412314008403	0.0
79.0	37.912010726302675	11.970888934455134	11.89023411804429	38.226866221197895	0.0
80.0	37.90598078207056	11.903831758165847	11.86050839171104	38.32967906805255	0.0
81.0	37.99610034966311	11.924502738580333	11.868018251923901	38.205160538566545	0.006218121266109907
82.0	37.936223738098676	11.95969474066935	11.914759247592825	38.188915705196834	4.0656844231239087E-4
83.0	38.021509032877674	11.959974130776224	11.918767376517545	38.09974945982856	0.0
84.0	38.11793132491949	11.869672099882536	11.962247465999912	38.04024352556263	0.009905583635430931
85.0	38.115010569339375	11.931850445165002	11.892472753193388	38.06066623230224	0.0
86.0	38.07266052144803	11.85833344910979	11.863851583322946	38.20515444611923	0.0
87.0	38.0819725340087	11.905841203382641	11.792671837095767	38.213136751844914	0.006377673667978701
88.0	38.08512577093235	11.918367620063911	11.747555561153728	38.24420790852551	0.004743139324502172
89.0	38.116172959750294	11.907021678202133	11.79207497454512	38.1795782168594	0.005152170643050116
90.0	38.14966828588068	11.862341660295355	11.779133426442595	38.208777419162566	7.920821880319945E-5
91.0	38.0804488014798	11.904732581569931	11.83169229400136	38.183126322948915	0.0
92.0	38.12204918455899	11.836206661167214	11.902813948626289	38.13893020564751	0.0
93.0	38.18013618871963	11.876767426694725	11.790937056862221	38.15189935689215	2.599708312727312E-4
94.0	38.05219906504046	11.882601762975979	11.83551068538084	38.2254950331654	0.004193453437317602
95.0	38.044260643101126	11.84271696684831	11.904125765219064	38.20879595467024	1.0067016126353132E-4
96.0	38.160093228375985	11.853726165081948	11.863989691217371	38.1221909153247	0.0
97.0	38.1667932872633	11.881432027245427	11.903491788517448	38.04828289697382	0.0
98.0	38.186410583337846	11.783453747139554	11.939544713316383	38.09059095620621	0.0
99.0	38.23898263929803	11.78690188122773	11.939166169227788	38.03482677997177	1.2253027467815891E-4
100.0	38.35706579415887	11.771332001831002	11.844699242486827	38.0269029615233	0.0
101.0	38.30448714057326	11.808250586633342	11.853728432234615	38.03353384055879	0.0
102.0	38.35984525228311	11.804337142116983	11.911099597512981	37.92471800808693	0.0
103.0	38.315005202585596	11.887094041219576	11.90611246254128	37.89178829365355	0.0
104.0	38.269838929852575	11.803995645717304	11.91114531460692	38.015020109823205	0.0
105.0	38.270416246142624	11.859729279742941	11.902403714369408	37.96745075974503	0.0
106.0	38.311091459994024	11.78101265397574	11.874817345386019	38.011201976532874	0.02187656411134961
107.0	38.163589320548205	11.779373857761488	11.856617588928849	38.20041923276146	0.0
108.0	38.37795458640396	11.618541376119149	11.907989692413262	38.04912554680452	0.04638879825911796
109.0	38.432393806053156	11.632387000452999	11.819030584792461	38.116188608701385	0.0
110.0	38.335417113547074	11.701373073001815	11.927199014826318	38.036010798624794	0.0
111.0	38.3448931883136	11.7566472385554	12.003233153646912	37.875545047376946	0.01968137210713878
112.0	38.455627972315625	11.707412143206245	11.963942964309684	37.873016920168446	0.0
113.0	38.37424460297647	11.69641903744534	12.014854850926252	37.91448150865194	0.0
114.0	38.50331792519614	11.685542559601984	12.023852762594634	37.78728675260724	0.0
115.0	38.40207673348296	11.744249711807749	11.914541157701949	37.938979335872105	1.5306113524132057E-4
116.0	38.41276342268939	11.723695303626982	11.91281055318902	37.950730720494604	0.0
117.0	38.55511558209725	11.74612834643096	11.877494724587704	37.821261346884086	0.0
118.0	38.59756281616716	11.712345367734924	11.911145597142	37.77894621895591	0.0
119.0	38.506990235334094	11.722195065304145	11.839816375108457	37.93099832425331	0.0
120.0	38.58130327275403	11.643740494169682	11.814276127726052	37.95940125636817	0.0012788489820698642
121.0	38.544174805385175	11.794469772091805	11.824017230976482	37.83250766732857	0.004830524217968602
122.0	38.541200490533654	11.664819559041938	11.890468674893844	37.90351127553056	0.0
123.0	38.64148037375664	11.68249869024395	11.920378707911382	37.75564222808802	0.0
124.0	38.626172684651564	11.71981046509786	11.874947918304683	37.7790689319459	0.0
125.0	38.552307223576335	11.70855953172317	11.814226493832631	37.85663176748652	0.06827498338134279
126.0	38.7629774576024	11.612868474355272	11.816811559746688	37.80734250829564	0.0
127.0	38.60480419038236	11.77173389314768	11.826109226421504	37.79735269004845	0.0
128.0	38.69644214494212	11.669487670001951	11.951941217637346	37.682128967418585	0.0
129.0	38.80168308358645	11.773130039153642	11.901198015973387	37.523988861286526	0.0
130.0	38.92107199024676	11.852865261650667	11.735775123909727	37.49028762419285	0.0
131.0	39.01207219200013	12.0968749205848	11.435194221871608	37.45585866554346	0.0
132.0	35.813293919302765	10.318092306769959	13.655617490507902	40.21299628341937	0.0
