#Position (bp)	mapping quality
3406923.0	32.22373288493875
1.0220768E7	33.07055809233124
1.7034613E7	33.24572929865727
2.3848458E7	32.80606581755577
3.0662303E7	32.98803802103728
3.7476148E7	33.10477109614802
4.4289993E7	33.097566345368655
5.1103838E7	32.85340763597918
5.7917683E7	32.733271947935954
6.4731528E7	33.24933782193355
7.1545373E7	33.20549004826619
7.8359218E7	32.59563708733757
8.5173063E7	32.885582514849595
9.1986908E7	33.366351773173605
9.8800753E7	33.4617917361182
1.05614598E8	33.16780544100064
1.12428443E8	33.214028352220815
1.19242288E8	32.947989655896215
1.26056133E8	32.94769520115882
1.300790245E8	31.823840840468215
1.33485947E8	28.09000681544229
1.39683823E8	32.90115122122947
1.46497668E8	33.04396153618423
1.53311513E8	33.3063681047293
1.60125358E8	33.157108064911675
1.66939203E8	33.46186606244231
1.73753048E8	33.28912352231519
1.80566893E8	32.966393100265314
1.87380738E8	33.16565892174795
1.94194583E8	33.187954531627604
2.01008428E8	33.105483694796504
2.07822273E8	32.88558328921865
2.14636118E8	33.35843229784078
2.21449963E8	33.11860523481981
2.28263808E8	32.71960589132917
2.35077653E8	32.86812164338007
2.41891498E8	33.28261775244947
2.48705343E8	32.703220885242494
2.52444901E8	33.052150081177295
2.558518235E8	25.181359170922924
2.62333033E8	33.138347089677524
2.69146878E8	30.759978620477234
2.75960723E8	27.681341391440135
2.82774568E8	33.40926990292978
2.89588413E8	33.22308662166154
2.96402258E8	32.991733429863096
3.03216103E8	33.02718030423732
3.10029948E8	33.21290759883622
3.16843793E8	32.85692206958155
3.23657638E8	33.2704045764307
3.30471483E8	33.099923358718605
3.37285328E8	32.89109135747832
3.44099173E8	32.74128672041829
3.50913018E8	33.06440659827858
3.57726863E8	32.90577526702923
3.64540708E8	32.44493168348681
3.704270945E8	32.435428155002384
3.73834017E8	0.0
3.78168398E8	32.339991878494224
3.84982243E8	32.174702507649585
3.91796088E8	32.94529198217808
3.98609933E8	32.73852464836463
4.05423778E8	33.01343926997158
4.12237623E8	33.20043686218552
4.19051468E8	33.211101978681285
4.25865313E8	32.477900575554656
4.32679158E8	32.382449156074394
4.39493003E8	30.865441990365394
4.46306848E8	33.307373737153114
4.53120693E8	33.21314562312671
4.59934538E8	32.8497239493173
4.66748383E8	33.146970953674874
4.73562228E8	33.19486477149004
4.80376073E8	33.14420952921197
4.87189918E8	33.25111359742235
4.91962519E8	30.75406608699037
4.953694415E8	16.132710660273645
5.00817608E8	28.92059214450685
5.07631453E8	33.27992906870209
5.14445298E8	30.810378920614884
5.21259143E8	33.24628260291893
5.28072988E8	33.16061556375307
5.34886833E8	28.029141875079063
5.41700678E8	32.94126543228302
5.48514523E8	32.38672414654968
5.55328368E8	33.21506387295163
5.62142213E8	33.14299052787701
5.68956058E8	33.38711324049857
5.75769903E8	32.970752655700785
5.82583748E8	32.90518780956031
5.89397593E8	33.05919506850762
5.96211438E8	33.277357484581245
6.03025283E8	33.07671394451048
6.09839128E8	33.23140664120538
6.15738246E8	33.13267544075793
6.191451685E8	0.0
6.23466818E8	32.84655790422668
6.30280663E8	33.165301546642354
6.37094508E8	32.84906180043066
6.43908353E8	33.07391386932764
6.50722198E8	32.89669493776888
6.57536043E8	33.21413741023013
6.64349888E8	32.7113653452165
6.71163733E8	33.021628520058236
6.77977578E8	33.34081273739116
6.84791423E8	33.14479385217479
6.91605268E8	32.64952304920986
6.98419113E8	32.7440475669449
7.05232958E8	32.97419698756435
7.12046803E8	33.305976792135695
7.18860648E8	32.792402006385586
7.222708485E8	0.0
7.25677771E8	32.36414519254902
7.32488338E8	33.028374428312
7.39302183E8	32.918628137310314
7.46116028E8	33.1144636855432
7.52929873E8	33.14835598917891
7.59743718E8	33.283267746308056
7.66557563E8	33.29407085651197
7.73371408E8	33.39713528508243
7.80185253E8	32.7786696302176
7.86999098E8	33.153944935688784
7.93812943E8	33.12977002572565
8.00626788E8	33.0949307523829
8.07440633E8	33.11698031431415
8.14254478E8	33.079139634729295
8.190716475E8	33.00582052361901
8.2247857E8	32.3012357486687
8.27882168E8	31.97402546774693
8.34696013E8	31.61321902642163
8.41509858E8	31.633904999971367
8.48323703E8	32.97999801763062
8.55137548E8	32.446508774853605
8.61951393E8	31.115835046551148
8.68765238E8	33.078701183004355
8.75579083E8	32.84496518391722
8.82392928E8	33.165372273084216
8.89206773E8	32.97554222719051
8.96020618E8	33.42673765859192
9.02834463E8	33.2840985983839
9.09648308E8	33.417732898747914
9.14262198E8	32.559468513021834
9.176691205E8	31.34575962539022
9.23275998E8	32.79670104208605
9.30089843E8	33.19114487312605
9.36903688E8	33.23865402292899
9.43717533E8	33.428649423326284
9.50531378E8	33.065298653777916
9.57345223E8	33.06690184798746
9.64159068E8	33.21674469665633
9.70972913E8	33.29630546108558
9.77786758E8	33.185700975851304
9.84600603E8	33.355467850529564
9.91414448E8	33.111461768085455
9.98228293E8	33.00131613343062
1.00390351E9	32.96544391455532
1.0073104325E9	0.0
1.011855983E9	32.283480703935226
1.018669828E9	32.64333079975342
1.025483673E9	33.52996002003736
1.032297518E9	33.56149348690525
1.039111363E9	32.87108126156235
1.045925208E9	32.857617506688655
1.052739053E9	33.20749246611897
1.059552898E9	33.182998910409104
1.0652815955E9	32.91318987759311
1.068688518E9	0.0
1.073180588E9	32.53787484109419
1.079994433E9	33.07496709944806
1.086808278E9	32.76999315477491
1.093622123E9	33.0491483202846
1.100435968E9	32.882183633598224
1.107249813E9	33.3931079707834
1.114063658E9	32.62106069396265
1.120877503E9	33.272157083058836
1.127691348E9	33.211068418205926
1.134505193E9	33.10103702776326
1.141319038E9	33.18164511647862
1.148132883E9	33.19604023570454
1.154946728E9	29.171780580412754
1.161760573E9	32.64003652012194
1.168574418E9	32.80155827550231
1.175388263E9	32.78856521403106
1.182202108E9	32.68225302884521
1.189015953E9	33.13960267986316
1.195829798E9	33.071033292544804
1.202643643E9	33.04008316957797
1.209457488E9	32.52225950615808
1.216271333E9	32.905764141825784
1.223085178E9	33.196466984409184
1.229899023E9	33.26889867623676
1.236712868E9	33.03804640659933
1.243526713E9	32.68779599423496
1.250340558E9	33.09259381474028
1.257154403E9	33.287794152573824
1.2618183335E9	33.402376671666865
1.265225256E9	33.32996474942459
1.270782093E9	32.98634023965035
1.277595938E9	33.13030203397564
1.284409783E9	32.55964597209723
1.291223628E9	32.684186706044265
1.298037473E9	32.906074787641806
1.304851318E9	33.08608333491038
1.311665163E9	33.21579540221149
1.318479008E9	32.987181614064845
1.325292853E9	33.55055184997637
1.332106698E9	33.18968532046906
1.338920543E9	33.414869202953426
1.345734388E9	32.93028649366405
1.352548233E9	32.81631202085536
1.359362078E9	15.001865950567872
1.366175923E9	33.27699778638463
1.372989768E9	32.97719656467168
1.379803613E9	33.350266394868655
1.386617458E9	33.05022902882005
1.393431303E9	33.171486278944585
1.400245148E9	33.349788965169864
1.407058993E9	33.26968864279052
1.413872838E9	32.76701086598204
1.420686683E9	33.41739502702036
1.427500528E9	32.98314362940944
1.434314373E9	33.04667024784458
1.441128218E9	31.64775183484155
1.444861853E9	32.44726085528562
1.4482687755E9	32.064367155155416
1.454755908E9	32.51403109131627
1.461569753E9	32.24372873713216
1.468383598E9	32.8736784927864
1.475197443E9	32.96310797604777
1.482011288E9	33.19920286313803
1.488825133E9	32.845387915990884
1.495638978E9	33.11757476576157
1.502452823E9	33.149881556956814
1.509266668E9	32.578019422826436
1.516080513E9	32.85195702552095
1.522894358E9	33.1076452587749
1.529708203E9	33.179787546449504
1.536522048E9	31.82211218363422
1.543335893E9	33.043200117243785
1.550149738E9	33.15110357284234
1.556963583E9	33.10879457543294
1.563777428E9	33.47994427932375
1.570591273E9	33.348252274322874
1.577405118E9	33.24962708689128
1.584218963E9	33.17357098654262
1.591032808E9	33.31546392706903
1.597846653E9	33.24729388994051
1.6032409105E9	32.895004719387444
1.606647833E9	0.0
1.611474343E9	32.065128325629814
1.618288188E9	33.02018709754376
1.625102033E9	32.21857662458911
1.631915878E9	32.80366790771898
1.638729723E9	33.167886231211256
1.645543568E9	32.62127428253796
1.652357413E9	33.18363205873494
1.659171258E9	32.91270010148818
1.665985103E9	31.541076080291102
1.672798948E9	33.26786982066253
1.679612793E9	32.79163556359567
1.686426638E9	32.835383201716965
1.693240483E9	33.31746557639521
1.700054328E9	33.33865569777263
1.706868173E9	33.218045259996316
1.713682018E9	33.172589309696484
1.720495863E9	32.38850021085148
1.727309708E9	32.67302453555268
1.734123553E9	33.03352802926477
1.740937398E9	32.98406449920216
1.747751243E9	32.04274672370371
1.754565088E9	30.541182394333962
1.759854186E9	32.898503382640996
1.7632611085E9	17.43324314237731
1.768192778E9	32.63974573742569
1.775006623E9	27.00140061296468
1.781820468E9	32.963637452845404
1.788634313E9	32.818645818901125
1.795448158E9	33.12461465290645
1.802262003E9	33.10955143480264
1.809075848E9	33.36595555739352
1.815889693E9	33.11196316534626
1.822703538E9	32.54731561156367
1.829517383E9	33.23301343545146
1.836331228E9	33.01503001726804
1.843145073E9	32.8636491571322
1.849958918E9	33.05357617120767
1.856772763E9	30.472308717015416
1.863586608E9	32.947358148560525
1.870400453E9	32.69486961965479
1.877214298E9	32.88223575323917
1.884028143E9	32.87178642085184
1.890841988E9	33.39966789464894
1.897655833E9	32.7670235903711
1.904469678E9	32.55038854792165
1.910723823E9	32.774990052172825
1.9141307455E9	0.0
1.918097368E9	32.28773637182869
1.924911213E9	32.63051286732604
1.931725058E9	32.96566740384405
1.938538903E9	33.130600005970535
1.945352748E9	33.39695838784748
1.952166593E9	33.31882645397206
1.958980438E9	32.64179388256077
1.965794283E9	33.05853323920775
1.972608128E9	32.76172293076001
1.979421973E9	32.41960183537616
1.986235818E9	32.48554712024106
1.993049663E9	33.12930473958647
1.999863508E9	32.86747514739824
2.006677353E9	33.14978937792024
2.013491198E9	33.21895851693315
2.020305043E9	31.764187682792556
2.027118888E9	33.150663629170694
2.033932733E9	32.87471571197415
2.040746578E9	32.733660511718796
2.047560423E9	32.34046808880409
2.054374268E9	33.42252511102359
2.060544391E9	33.365994057249104
2.0639513135E9	0.0
2.068001958E9	30.742578564803456
2.074815803E9	28.62333174809993
2.081629648E9	29.948584647529973
2.088443493E9	31.18985279603496
2.095257338E9	31.082539606506103
2.102071183E9	31.67743976221199
2.108885028E9	32.36730775635093
2.115698873E9	33.093498363368894
2.122512718E9	31.41108004400325
2.129326563E9	33.31640078129569
2.136140408E9	33.41016218921604
2.142954253E9	33.180833862092705
2.149768098E9	33.02203146085914
2.156581943E9	33.19298671617835
2.163395788E9	32.87065151618759
2.170209633E9	32.329912237316414
2.177023478E9	33.275254053788046
2.183837323E9	33.129638213865015
2.190651168E9	33.25950656071267
2.197465013E9	33.041260258525796
2.204278858E9	33.12000360841745
2.2082174155E9	33.05649484426321
2.211624338E9	32.26233534304325
2.217906548E9	33.34333329607252
2.224720393E9	33.11445772816247
2.231534238E9	29.862183600961696
2.238348083E9	33.00157381502316
2.245161928E9	33.47657983097102
2.251975773E9	33.018254216187735
2.258789618E9	33.313130600337374
2.265603463E9	32.55548395710823
2.272417308E9	33.03540543824094
2.279231153E9	32.42833154950808
2.286044998E9	33.235370567478576
2.292858843E9	32.846221604332996
2.299672688E9	33.279406578207215
2.306486533E9	33.05139544945425
2.313300378E9	32.9798894437684
2.320114223E9	33.085355232640694
2.326928068E9	33.08379960108823
2.333741913E9	33.108868820634015
2.3376495495E9	32.601012415739305
2.341056472E9	7.576020131045254
2.347369603E9	32.77514658872307
2.354183448E9	32.978988443313696
2.360997293E9	33.02985627084234
2.367811138E9	33.30839948776736
2.374624983E9	27.455503298068468
2.381438828E9	32.94471248903133
2.388252673E9	33.37401047411171
2.395066518E9	33.23640786070233
2.401880363E9	33.031177675708285
2.408694208E9	33.365308263434734
2.415508053E9	33.18420304474988
2.422321898E9	33.18469835869672
2.429135743E9	32.59573760089427
2.435949588E9	33.328627848325155
2.442763433E9	33.1815861365757
2.449577278E9	32.893426532481314
2.456391123E9	33.18070398590277
2.4612717095E9	32.87396585530618
2.462753523E9	32.62772621446042
2.4646867815E9	19.78341994521827
2.470018813E9	30.693572364428878
2.476832658E9	33.07804167467119
2.483646503E9	32.73509832677187
2.490460348E9	18.919638792399173
2.497274193E9	24.27575105479821
2.504088038E9	32.804099345870185
2.510901883E9	32.59991596927808
2.517715728E9	31.719345067968202
2.524529573E9	32.62341557055131
2.531343418E9	32.509542364854
2.538157263E9	31.962273694804576
2.544971108E9	32.497319500375056
2.551784953E9	32.507368073563455
2.558598798E9	32.508777619347875
2.565412643E9	33.00158844022276
2.572226488E9	32.42502018735192
2.579040333E9	32.63745057334273
2.585854178E9	30.094401229044664
2.592668023E9	32.724519241607865
2.599481868E9	33.04946980832299
2.606295713E9	33.3691179813594
2.613109558E9	30.549729890582796
2.619923403E9	32.676410814354256
2.626737248E9	33.05908882389302
2.631968571E9	33.08692131670079
2.6353754935E9	5.397144846796658
2.640364938E9	7.131118185435734
2.647178783E9	7.553484243231247
2.653992628E9	3.692671394799054
2.660806473E9	8.465758754863813
2.667620318E9	6.774871355060034
2.674434163E9	6.401515151515151
2.681248008E9	3.0118289353958145
2.688061853E9	3.788549618320611
2.694875698E9	6.6541448058761805
2.701689543E9	4.335356600910471
2.708503388E9	7.392752776154296
2.715317233E9	7.005137614678899
2.7221309125E9	14.954382352941176
