# Position (bp)	A	C	G	T	N
0.0	38.381125072095266	11.4211087237809	13.891227243298143	36.3065389608257	0.0
1.0	37.98823351584982	12.0219745775261	13.724277381265853	36.26551452535823	0.0
2.0	37.49055295215564	11.918616431707662	13.3918853436171	37.1989452725196	0.0
3.0	37.35692584084248	12.12834809617618	13.26036131080754	37.25436475217381	0.0
4.0	37.33299492015312	12.02978189635453	13.035456751198899	37.60176643229345	0.0
5.0	37.120891290431686	12.182375126592841	12.91735784965889	37.779375733316584	0.0
6.0	37.30735464798595	12.006580811127609	12.847418485541478	37.83864605534496	0.0
7.0	37.118576943767906	12.276370251676076	12.632990906058076	37.97206189849794	0.0
8.0	37.00315730662289	12.144903837455654	12.527769759190791	38.324169096730664	0.0
9.0	36.9552762590478	12.308233331470332	12.478035313665035	38.258455095816835	0.0
10.0	37.018243773879306	12.123172026251797	12.28939205282165	38.56919214704725	0.0
11.0	36.77089677380075	12.308310156255851	12.29699770658809	38.62378576025712	9.603098189950434E-6
12.0	36.91133248173058	12.28758667036194	12.286837628703124	38.51424321920435	0.0
13.0	36.72338064395688	12.454229233252148	12.248089127506672	38.574300995284304	0.0
14.0	36.83463253648745	12.290995770219372	12.187090247804107	38.68728144548907	0.0
15.0	36.988397344704936	12.328524677945698	12.254561615686699	38.42851636166266	0.0
16.0	37.02167207993312	12.328419043865608	12.179868717965265	38.47004015823601	0.0
17.0	37.049684317353204	12.324645026276958	12.125131058282546	38.49668875571312	0.0038508423741701243
18.0	37.240526687682085	12.294885024986302	11.94423749767845	38.508058823970025	0.012291965683136556
19.0	37.16037923018876	12.321351163597804	11.98093093586225	38.537329067253	9.603098189950434E-6
20.0	37.09784917735547	12.221159423630239	12.031113748900388	38.6498776501139	0.0
21.0	37.17951673138088	12.267828871721406	12.019872968820772	38.53278142807694	0.0
22.0	37.20090839417422	12.368682089798392	11.941034102818595	38.48937541320879	0.0
23.0	37.2252439396817	12.337070541227975	11.989959694102863	38.443643072101516	0.004082752885953918
24.0	37.327630675943794	12.225497723103611	11.928992461458687	38.512104872222956	0.005774267270943896
25.0	37.24405259353152	12.332954634230573	11.980652040867216	38.44234073137069	0.0
26.0	37.35157810039767	12.160280898881803	11.94672732023993	38.5313607082367	0.010052972243897408
27.0	37.32109238055001	12.203174438383567	11.99910408606926	38.46465153321923	0.011977561777927737
28.0	37.339464157647676	12.20642082795742	11.940742800459091	38.51006469940702	0.0033075145287863855
29.0	37.372343008816365	12.112903342140884	11.967331119825163	38.51838886738425	0.029033661833332933
30.0	37.46657019052755	12.135773556316085	11.964211610573718	38.404355586012706	0.02908905656994235
31.0	37.375145951110525	12.305144743571054	11.938466482601088	38.37602779168934	0.005215031027991342
32.0	37.51101627911789	12.110664701373059	11.911103668275377	38.459323378861356	0.007891972372322083
33.0	37.55348246876346	12.156563705894653	11.997844335450361	38.29153187345271	5.776164388098175E-4
34.0	37.54140503741789	12.122530214434713	11.964815997833716	38.35984725852863	0.011401491785051836
35.0	37.42457154906017	12.107563752422934	11.969298928760672	38.4616636839648	0.03690208579142548
36.0	37.52916872623071	12.121326869915526	11.839742311201812	38.50471314970213	0.005048942949835283
37.0	37.362579851222925	12.172439992370407	11.864335881767902	38.56702625800344	0.03361801663532808
38.0	37.52734263522842	12.038106146500992	11.818699817201564	38.595074469151804	0.02077693191722393
39.0	37.51538524894833	12.124984255496688	11.863254190641873	38.49637630491311	0.0
40.0	37.57861128567958	12.052675663530094	11.894772934389762	38.47394011640056	0.0
41.0	37.55645396340698	12.04520756567074	11.899611447719161	38.49872702320312	0.0
42.0	37.613276877966875	11.955058145378072	11.807402974941777	38.62426200171328	0.0
43.0	37.531643252921086	12.08898540028045	11.823332257753279	38.54966480437755	0.006374284667633691
44.0	37.56688242952925	12.016161538868813	11.88765259048765	38.52930344111428	0.0
45.0	37.732304028362265	12.068152953661945	11.911524491259543	38.28801852671624	0.0
46.0	37.80049572645275	12.011987243465814	11.859096031190889	38.32842099889054	0.0
47.0	37.76515626020232	11.995443871838338	11.785610470388795	38.453789397570546	0.0
48.0	37.80836510835281	11.895926645890526	11.868104048192803	38.427604197563866	0.0
49.0	37.69750761992487	11.952666136242572	11.815312887930709	38.53451335590185	0.0
50.0	37.79152001132853	11.871854350146261	11.772816897329495	38.563808741195714	0.0
51.0	37.82666655942798	11.925791346400109	11.834664304314707	38.381975605976905	0.030902183880300697
52.0	37.92062873275901	11.954969800541736	11.856827257004618	38.24764127780564	0.019932931888997224
53.0	37.95430902155542	11.89559119159802	11.836053727275152	38.311485308417744	0.0025607511536717437
54.0	38.0840307231636	11.890391873382972	11.772204956571791	38.24639458572322	0.006977861158420061
55.0	38.012960347411415	11.947821483633332	11.811397796131159	38.226645478433504	0.0011748943905881056
56.0	37.93911459780954	11.921549479577779	11.85367148820286	38.277659358569984	0.008005075839835918
57.0	37.88762067248043	11.910673689637514	11.8732894728145	38.32841616506755	0.0
58.0	37.83039942672136	11.980652234783982	11.725641274272846	38.463307064221816	0.0
59.0	37.834546255705526	11.907814785663849	11.751528414536072	38.494539903044064	0.011570641050493538
60.0	37.982146522609064	11.835782050238393	11.762059578585175	38.42001184856736	0.0
61.0	38.02251266767502	11.849068877288783	11.742997835024354	38.38404674375249	0.001373876259350032
62.0	37.92766188508347	11.89804649668046	11.827922286540666	38.34636933169541	0.0
63.0	37.9811032171247	11.848716849940367	11.87082599614095	38.29935393679399	0.0
64.0	37.901642001333755	11.912960357438216	11.864492172739673	38.320905468488355	0.0
65.0	37.81111142812364	11.960297567936328	11.856686582436003	38.367204602188146	0.0046998193158860925
66.0	37.891200537565226	11.923062932757803	11.833152567378505	38.35207549693689	5.084653615794969E-4
67.0	37.84634413773769	11.926293174520152	11.804580328961306	38.42278235878086	0.0
68.0	37.82355034081487	11.903982863918204	11.751715238779003	38.52075155648793	0.0
69.0	37.84232958931084	11.91933141778694	11.729632535602846	38.506344287690695	0.00236216960867867
70.0	37.864580063410344	11.953340814917127	11.707037135861375	38.46101401619789	0.014027969613259668
71.0	37.80947518788872	11.870787537246393	11.705062564122704	38.577808758486285	0.036865952255891926
72.0	37.971027623558	11.962307766839741	11.678560626175646	38.3867085862327	0.0013953971939152036
73.0	37.92499784602057	12.002858596266357	11.726578768568976	38.3455647891441	0.0
74.0	37.88413246038232	11.963626844257675	11.75633691372417	38.39590378163584	0.0
75.0	38.06966179195081	11.913260278292404	11.785505932437227	38.20125941109227	0.03031258622728527
76.0	38.13564003409901	11.888340147282308	11.823640019894377	38.146638759825116	0.005741038899188343
77.0	38.077096486434655	11.857811522743786	11.849388666528556	38.215703324292996	0.0
78.0	38.05596242074695	11.86406048012355	11.874587684495435	38.20538941463406	0.0
79.0	37.94713514194937	11.901306872835265	11.838750180214136	38.31280780500123	0.0
80.0	37.9479399457943	11.822468419634507	11.807391469735153	38.42219025882427	9.906011760417162E-6
81.0	38.03308439789143	11.841013209065606	11.815913058871306	38.306567938748096	0.003421395423561315
82.0	37.98523862065487	11.884998376162885	11.853166998665484	38.276049926612096	5.460779046653222E-4
83.0	38.02157818201843	11.90399389904781	11.844173235789933	38.23015528024708	9.940289673957503E-5
84.0	38.12010758291556	11.861669326647354	11.856523866376477	38.15263246524675	0.009066758813864916
85.0	38.08674935409477	11.904366864401805	11.823152260640882	38.18573152086254	0.0
86.0	38.10123115193054	11.831281746053524	11.752863599421866	38.31462350259407	0.0
87.0	38.10827342988759	11.85044095277453	11.73116028971073	38.304969621299385	0.005155706327770232
88.0	38.141462506349605	11.86795746833903	11.678847599417253	38.30617949339046	0.00555293250365518
89.0	38.16476164989485	11.856503909907365	11.681019207935295	38.29391798978191	0.003797242480583216
90.0	38.18283945220028	11.836240042214698	11.708076812047766	38.27276342219605	8.027134121470808E-5
91.0	38.14877082828778	11.858484716626755	11.738145173203524	38.25459928188194	0.0
92.0	38.142605976707536	11.807322562374425	11.765852179625943	38.284219281292096	0.0
93.0	38.19096318405191	11.85502121170143	11.717874591347837	38.2357377294456	4.032834532194219E-4
94.0	38.06003165045585	11.866658897618521	11.754041360890835	38.31518833091662	0.004079760118183783
95.0	38.08125902550995	11.798073775615858	11.754850459261645	38.36561443061955	2.02308992998895E-4
96.0	38.19582573965762	11.834988050410185	11.72802640359803	38.24115980633416	0.0
97.0	38.14124014434206	11.896028969109828	11.763559425177599	38.19917146137051	0.0
98.0	38.14566323975295	11.81190499555852	11.797494975051952	38.24493678963658	0.0
99.0	38.294557705583706	11.79069719107122	11.79358045299203	38.121052580101704	1.1207025133893385E-4
100.0	38.33618468599054	11.793810455141214	11.725970038340146	38.144034820528105	0.0
101.0	38.28939179704579	11.81769508288098	11.717977105775205	38.17493601429802	0.0
102.0	38.32033612708191	11.797109125086163	11.77040211573625	38.11215263209567	0.0
103.0	38.287592501859045	11.888997871837216	11.781249553915597	38.042160072388135	0.0
104.0	38.217053298284895	11.839583288095758	11.783661927072329	38.15970148654702	0.0
105.0	38.30151637689939	11.887306239984687	11.766416037618903	38.04476134549702	0.0
106.0	38.27016625555303	11.822770989275215	11.733874943593749	38.14917833429419	0.0240094772838098
107.0	38.22173254760723	11.780504965206676	11.736510905388844	38.261251581797254	0.0
108.0	38.36297294044955	11.675946986667341	11.739344365612455	38.176331721334364	0.04540398593628927
109.0	38.36005543554328	11.744500262065744	11.741575699948669	38.15386860244231	0.0
110.0	38.31296545287099	11.691473952480314	11.766103955953588	38.22945663869511	0.0
111.0	38.33880524906447	11.76015782212001	11.81482991143791	38.06598869928855	0.020218318089056202
112.0	38.399186520074736	11.70697609160101	11.824170219227263	38.069667169096995	0.0
113.0	38.315621629344996	11.729140826840105	11.893082336950322	38.06215520686458	0.0
114.0	38.42191124621214	11.74843096151606	11.875830508528178	37.95382728374362	0.0
115.0	38.387657719369464	11.732175174210134	11.810527450781409	38.06956565861579	7.399702320546648E-5
116.0	38.409597151826134	11.723826190495373	11.77085192913658	38.09572472854191	0.0
117.0	38.529581808489624	11.785412574812229	11.76882720833623	37.916178408361915	0.0
118.0	38.50735388678024	11.741244872710569	11.724705745358008	38.02669549515119	0.0
119.0	38.46572990957251	11.70883970466073	11.707438441213148	38.11799194455361	0.0
120.0	38.57149634007891	11.682361650990286	11.671629059307657	38.07296745642085	0.001545493202298406
121.0	38.46319711979379	11.789419763645506	11.68960946460558	38.052442250420135	0.005331401534991281
122.0	38.42179426453296	11.72520164241092	11.693108779133002	38.159895313923116	0.0
123.0	38.47645147488542	11.795796344398264	11.732843917903873	37.99490826281244	0.0
124.0	38.53262192769335	11.773880886246605	11.719930121951364	37.97356706410868	0.0
125.0	38.46157206589852	11.774914837520441	11.675213221554815	38.014689524318776	0.07361035070745117
126.0	38.624007157184515	11.725821067098057	11.642298653477917	38.007873122239516	0.0
127.0	38.5029093009088	11.823668481097803	11.667378078729309	38.00604413926409	0.0
128.0	38.596419517798566	11.7303854698199	11.75450052644376	37.91869448593778	0.0
129.0	38.658820813704025	11.81665138047388	11.729813392544383	37.79471441327771	0.0
130.0	38.750165098500304	11.919326638262028	11.586324117681288	37.74418414555638	0.0
131.0	38.81130429767482	12.123204263095861	11.331343454984719	37.73414798424459	0.0
132.0	36.19483887854737	10.597865805805148	13.239298784039102	39.96799653160837	0.0
