# Position (bp)	A	C	G	T	N
0.0	38.51165989084781	11.21656538263243	13.59394396165535	36.67783076486441	0.0
1.0	38.20051673743484	11.785990669980457	13.382532352549322	36.630960240035385	0.0
2.0	37.76636190603867	11.688692482277354	13.057088494054584	37.487857117629396	0.0
3.0	37.56176874612652	11.9250040576988	12.958229999856055	37.55499719631863	0.0
4.0	37.58178396100887	11.794789716321127	12.752853980962383	37.87057234170763	0.0
5.0	37.36754576198569	11.964321977560953	12.656463115995928	38.011669144457436	0.0
6.0	37.562102453296056	11.780065112942921	12.577365497701877	38.080466936059146	0.0
7.0	37.39741525939347	12.004565258385131	12.394353270635108	38.20366621158629	0.0
8.0	37.2811480738801	11.921638124842774	12.2753262366385	38.52188756463863	0.0
9.0	37.18752607650956	12.088886746749413	12.236268067221829	38.48731910951919	0.0
10.0	37.251033256607144	11.881466996920118	12.085535244473693	38.78196450199905	0.0
11.0	37.041831330110234	12.093430575722792	12.05408379470003	38.81065069182186	3.60764507612546E-6
12.0	37.077949268789865	12.046897365708388	12.064665017708306	38.81048834779344	0.0
13.0	36.94739761259758	12.214416560995737	12.041538208947804	38.79664761745888	0.0
14.0	37.05180466492319	12.039030895619897	11.94266708799151	38.96649735146541	0.0
15.0	37.14413512535646	12.099170339038908	12.017345341067307	38.73934919453732	0.0
16.0	37.27941460042102	12.052225857485825	11.937923034716405	38.730436507376744	0.0
17.0	37.340266553742566	12.048396342237519	11.901686043749264	38.705639358946	0.004011701324651512
18.0	37.46642770587721	12.049190024154266	11.754802578297351	38.716951130082194	0.012628561588977173
19.0	37.374835008862	12.04133618082354	11.780443915675914	38.80337046405824	1.443058030450184E-5
20.0	37.34451691265657	11.972596167019999	11.784062722993117	38.89882419733031	0.0
21.0	37.37615863760015	12.038005355493292	11.78636449870962	38.799457075628176	1.4432568765597547E-5
22.0	37.407114213731695	12.119978821493135	11.70395774474703	38.76894922002814	0.0
23.0	37.41200607878602	12.142643229627195	11.74220348919546	38.6988452212135	0.004301981177821814
24.0	37.48808433718305	11.991676520244738	11.689632279175697	38.824468662553535	0.00613820084297838
25.0	37.43451341253511	12.080272220075983	11.770184871651713	38.715004223450414	2.5272286776768752E-5
26.0	37.542001392866396	11.933447477215338	11.702025896221704	38.812096430034174	0.010428803662387848
27.0	37.5060219362097	11.962162266809573	11.768450782730708	38.75128863475257	0.012076379497453577
28.0	37.57396557660327	11.942819993041764	11.71732582643501	38.76223426566226	0.0036543382576881096
29.0	37.582809232841555	11.89760560269185	11.758181546332471	38.732580688438354	0.028822929695775528
30.0	37.651275981253455	11.91435278629432	11.752049731246563	38.65268583089811	0.02963567030755073
31.0	37.570356687340045	12.040665791490824	11.733102548507453	38.65051442871309	0.005360543948586797
32.0	37.6954641846958	11.907827016716016	11.697659020669693	38.69108332015989	0.0079664577585947
33.0	37.70703699700281	11.927115863760141	11.748583378824108	38.61655821997575	7.055404371908455E-4
34.0	37.739144345707345	11.84264695250488	11.719091110376583	38.68763336769612	0.011484223715066745
35.0	37.587674866160924	11.885510640444403	11.742871333911042	38.74745874970784	0.03648440977578706
36.0	37.65376348685324	11.862023877796982	11.635445594510257	38.843336144879856	0.005430895959661499
37.0	37.55222137744622	11.915669375082539	11.63506908534671	38.86378593822942	0.03325422389510817
38.0	37.72584086246449	11.793478093440418	11.558187195067697	38.901304094988376	0.021189754039019376
39.0	37.695648982536916	11.866159114221725	11.608189202299899	38.83000270094146	0.0
40.0	37.82337690572187	11.791981783175105	11.63196687741867	38.752674433684355	0.0
41.0	37.79022095468243	11.79949165364959	11.660605334915338	38.74968205675265	0.0
42.0	37.83829363601116	11.698141349573861	11.558141410193253	38.90542360422173	0.0
43.0	37.70976131900643	11.857474649069697	11.5676973356251	38.85857196303358	0.006494733265190381
44.0	37.77426422095453	11.793292248538338	11.624561354623712	38.80788217588342	0.0
45.0	37.89239403086449	11.808037412260045	11.672395726703574	38.627172830171894	0.0
46.0	37.99332249589414	11.734695547176749	11.618039391187438	38.653942565741666	0.0
47.0	38.0025722713787	11.710138860530197	11.546045247341944	38.74124362074915	0.0
48.0	38.02383931474931	11.620333490995128	11.60114149006535	38.754685704190216	0.0
49.0	37.900503376332196	11.681425431365104	11.54789555683425	38.87017563546845	0.0
50.0	38.01688761943528	11.600176536605126	11.530007407055137	38.852928436904456	0.0
51.0	38.05065043119533	11.63009558740535	11.578645098742333	38.71003088450705	0.03057799814994
52.0	38.1409453318795	11.670250652961919	11.593403933715534	38.57505846369097	0.020341617752068004
53.0	38.170942161903184	11.62321732502462	11.606871206871974	38.59654867247759	0.002420633722638243
54.0	38.256221422146716	11.640911857333034	11.551391118517008	38.544361395277356	0.007114206725889304
55.0	38.20377822355574	11.680809118831641	11.593029577651485	38.52105552168283	0.0013275582783019036
56.0	38.14188879819238	11.662669735292642	11.619943350130093	38.567634342096255	0.007863774288629896
57.0	38.06784257102493	11.66941682640737	11.639565818748023	38.62317478381968	0.0
58.0	38.052211663547354	11.709616361100828	11.510644929519138	38.72752704583268	0.0
59.0	38.0381872360765	11.635282732864425	11.506360738604924	38.80853463199351	0.011634660460635918
60.0	38.180506960646014	11.584543159400615	11.490328793212406	38.74460826721403	1.2819526937845934E-5
61.0	38.243069881869474	11.581369416173597	11.505727394966453	38.66856701737025	0.0012662896202276482
62.0	38.12777922083757	11.654131912127776	11.581319179957767	38.636769687076885	0.0
63.0	38.14831582583748	11.62414673229927	11.622504412518726	38.60503302934453	0.0
64.0	38.06570904895213	11.681318980972726	11.621445762137176	38.631526207937966	0.0
65.0	38.031689411645374	11.709700116152002	11.585332396669097	38.668498588847825	0.004779486685702536
66.0	38.07221747982928	11.684719072077412	11.5624127159773	38.67997585979882	6.748723171917544E-4
67.0	38.06885640893567	11.679560899544231	11.53280026558614	38.71877690515776	5.520776199050482E-6
68.0	38.03243672668037	11.661582253773087	11.500054081531227	38.80592693801531	0.0
69.0	38.00658157284935	11.689197991349264	11.476357775633037	38.82541683528175	0.002445824886605513
70.0	38.0427080772596	11.69514650856367	11.45565379174574	38.79282492850718	0.013666693923810756
71.0	38.05879520983385	11.61315183351544	11.420037788729081	38.870596033331736	0.03741913458988322
72.0	38.13785633233417	11.710641872831173	11.419099608413651	38.73104966504679	0.0013525213742260163
73.0	38.12589281825755	11.737239743680195	11.436242154364619	38.70062528369764	0.0
74.0	38.10636318506126	11.716955302185303	11.465510890606021	38.711170622147414	0.0
75.0	38.24085711824825	11.646852833776029	11.48566961705443	38.59581405704029	0.030806373880997096
76.0	38.36107725281465	11.616093779592655	11.529428821103807	38.48784983577812	0.0055503107107700445
77.0	38.321184053894164	11.593490733655013	11.573085445995865	38.51223976645496	0.0
78.0	38.282547060001434	11.605641092712407	11.630096943982927	38.481714903303235	0.0
79.0	38.20427958793055	11.618431392103764	11.577187546155212	38.60010147381047	0.0
80.0	38.19628920317426	11.581700518024915	11.533532893873659	38.68846993757311	7.447354049129189E-6
81.0	38.22789387975318	11.608625536347862	11.53516979641324	38.625159116516734	0.0031516709689802147
82.0	38.184035872685726	11.607944293095379	11.565251598158614	38.642298039865885	4.7019619439992973E-4
83.0	38.28811214935814	11.635624792778657	11.563491685462518	38.512627543277155	1.4382912352960405E-4
84.0	38.330769186319095	11.58284384708412	11.605520320624315	38.471441491210584	0.009425154761882722
85.0	38.37149905794158	11.59121384039997	11.574281072083885	38.46300415730916	1.8722654042555207E-6
86.0	38.38041588989702	11.549263385062822	11.516871687864608	38.55342841746089	2.0619714651641918E-5
87.0	38.350260808501666	11.587781618209746	11.499837598787813	38.556720364106035	0.005399610394743614
88.0	38.36251237594784	11.60329556227065	11.42653228074526	38.60215372217284	0.0055060588634149
89.0	38.40976170754993	11.578180854791045	11.4189184357996	38.58907093378532	0.004068068074095287
90.0	38.45052567665632	11.553241855013887	11.423397206388927	38.57272786043789	1.0740150297663266E-4
91.0	38.41036915764812	11.562334528124167	11.471694008959062	38.55559475755284	7.5477158102342725E-6
92.0	38.413845399666265	11.546081761516994	11.494883090320272	38.54518974849647	0.0
93.0	38.42053273341842	11.570737633289198	11.467568035449824	38.54067898396948	4.8261387307455754E-4
94.0	38.29363277899281	11.607083453902167	11.501246984705043	38.59395769217661	0.00407909022337227
95.0	38.32991621367904	11.545113193623145	11.510449027671948	38.6142083174558	3.132475700721525E-4
96.0	38.393807483160735	11.571218309485284	11.48214655419346	38.552810539700715	1.7113459804590148E-5
97.0	38.43875869021509	11.592876202045435	11.53307664683284	38.43528655628023	1.9046264041977204E-6
98.0	38.428035825662974	11.522928746345237	11.567513172333106	38.48151080858967	1.144706901995003E-5
99.0	38.52370202608074	11.515529430300314	11.54764196739944	38.41305395368724	7.262253227202E-5
100.0	38.58274284733171	11.49965664802858	11.47915585116253	38.438444653477184	0.0
101.0	38.567987783394074	11.538954317730033	11.486489259815352	38.40656863906054	0.0
102.0	38.593432842658295	11.511554788493621	11.501985303115179	38.39302706573291	0.0
103.0	38.557748222978695	11.571432545675615	11.52263154231713	38.34818768902856	0.0
104.0	38.503090429469644	11.55350112039232	11.51267681194326	38.43073163819478	0.0
105.0	38.53020284181091	11.59573349537794	11.523671578257263	38.35039208455389	0.0
106.0	38.5415266435007	11.527993920342205	11.469191695118663	38.437773048199645	0.023514692838792216
107.0	38.52540384004003	11.504037866719639	11.437145361921074	38.533412931319255	0.0
108.0	38.62419266496737	11.42113563773079	11.461790698993232	38.44703150180905	0.045849496499561306
109.0	38.646676281679085	11.442338400958647	11.474778250706246	38.43620706665602	0.0
110.0	38.60136358012003	11.430691722925753	11.502557801812232	38.46538689514198	0.0
111.0	38.619409494932256	11.488852286873005	11.524692830446229	38.346763681545966	0.020281706202548336
112.0	38.70984348793845	11.407741046627578	11.543808197818677	38.338607267615295	0.0
113.0	38.66437905528783	11.433373616993682	11.602640541994141	38.29960678572435	0.0
114.0	38.69861753275322	11.451004224533108	11.613744192021407	38.23663405069227	0.0
115.0	38.684225367174285	11.455679176923407	11.557423981480207	38.30259237868256	7.9095739539628E-5
116.0	38.68675805163008	11.461545876338347	11.503550519430522	38.348145552601046	0.0
117.0	38.81493017884782	11.49022632285655	11.48365443385532	38.21118906444031	0.0
118.0	38.789849013982966	11.460169768347535	11.465198987753482	38.28478222991602	0.0
119.0	38.81471449751991	11.402204142942434	11.432119199175245	38.350962160362414	0.0
120.0	38.799092605326926	11.411978816763682	11.403779902152401	38.38334006216458	0.0018086135924128863
121.0	38.73329988133015	11.469476066314787	11.385200996865404	38.406613792546295	0.0054092629433664455
122.0	38.71858367541737	11.455213031299635	11.378058184446566	38.44814510883643	0.0
123.0	38.78861437749991	11.460693215034587	11.429166025754894	38.321526381710605	0.0
124.0	38.85094709858235	11.426517476622331	11.42068605906505	38.30184936573026	0.0
125.0	38.819985263900875	11.433676550774747	11.367624920634531	38.305992490131786	0.07272077455805966
126.0	38.92718371871559	11.417772403804673	11.348710014692628	38.30633386278711	0.0
127.0	38.819262273630166	11.476250504352581	11.36660252310073	38.337884698916525	0.0
128.0	38.875157324025125	11.404556441528232	11.442641232597014	38.27764500184963	0.0
129.0	38.93099952792789	11.497468010100425	11.421920177592872	38.14961228437881	0.0
130.0	39.02173213424105	11.585497156798207	11.294899352103547	38.09787135685719	0.0
131.0	39.11590565224031	11.752093124727075	11.067757631856585	38.06424359117603	0.0
132.0	36.08375998694901	10.069673429009999	13.131595120565198	40.7149714634758	0.0
