# Position (bp)	A	C	G	T	N
0.0	38.44975722893982	11.592235916757502	14.020591277418209	35.93741557688447	0.0
1.0	38.08122594968792	12.175807176862648	13.902858306370591	35.84010856707884	0.0
2.0	37.58492280366434	12.047222913905218	13.549620707695082	36.81823357473535	0.0
3.0	37.44847248240034	12.269368137589481	13.371338430453147	36.910820949557035	0.0
4.0	37.42262409899782	12.167102932015206	13.101397231173268	37.3088757378137	0.0
5.0	37.2248507608864	12.318756667612742	12.986223952869674	37.470168618631185	0.0
6.0	37.382732867241444	12.137618108543094	12.907473103561044	37.57217592065443	0.0
7.0	37.22757809093859	12.382394368830706	12.724735542474974	37.66529199775572	0.0
8.0	37.08618891667226	12.262256447169682	12.591276902402978	38.06027773375508	0.0
9.0	36.985787064254225	12.43442641025208	12.57635073438681	38.003435791106895	0.0
10.0	37.08036674400764	12.240141217668404	12.427372748131264	38.25211929019269	0.0
11.0	36.84847276609425	12.421086349074779	12.385927647479889	38.34451323735109	0.0
12.0	36.911601107798916	12.410312428230277	12.38922881293314	38.28885765103767	0.0
13.0	36.74756800175168	12.573533138091749	12.370840289744324	38.30805857041224	0.0
14.0	36.87071049978227	12.398848615386758	12.282534113869833	38.44790677096114	0.0
15.0	36.97597383413733	12.461274169914855	12.364328225080682	38.19842377086714	0.0
16.0	37.05092705365696	12.448166221933485	12.273926582854031	38.22698014155552	0.0
17.0	37.091392120814405	12.4223371812973	12.235376449563027	38.24682581980769	0.004068428517581994
18.0	37.24581187199679	12.4227111414463	12.07467029932415	38.24425323188611	0.012553455346643651
19.0	37.14671888010025	12.444755447471042	12.103432992853364	38.305092679575345	0.0
20.0	37.11194030380056	12.343313886515862	12.118280255594359	38.42646555408922	0.0
21.0	37.12777384381541	12.41965210560347	12.114572088035091	38.337995514014686	6.448531337315129E-6
22.0	37.13557891581394	12.503990559127157	12.060898221813304	38.299532303245606	0.0
23.0	37.16328967817951	12.499604911762766	12.1028653669586	38.22996986492691	0.004270178172216673
24.0	37.262134573109826	12.37194094910877	12.055091351924089	38.304762073120635	0.006071052736673797
25.0	37.189159309310455	12.463886498709819	12.102567570724384	38.24437371493368	1.2906321658317782E-5
26.0	37.30428698836739	12.323030060369636	12.048656659904852	38.313730914743886	0.010295376614235982
27.0	37.29275880376595	12.348435157587664	12.123870258938869	38.22296535556518	0.011970424142343967
28.0	37.32253475871935	12.365246285971702	12.06353850302176	38.24511537262994	0.0035650796572485916
29.0	37.312456718544865	12.269292360362453	12.10491085546541	38.284319403781744	0.029020661845524154
30.0	37.39668727126172	12.2967837236194	12.092252246569556	38.184877014842186	0.02939974370713641
31.0	37.33568389964874	12.45032055851359	12.066811530757498	38.141727200731935	0.005456810348233076
32.0	37.42018524267826	12.29798587395219	12.043923988409396	38.230149798199314	0.007755096760840319
33.0	37.46307477240497	12.32187047615005	12.1039750737081	38.11029671926163	7.829584752472532E-4
34.0	37.466623837458236	12.261330416596913	12.081578507505665	38.17930678569768	0.01116045274150307
35.0	37.364442649753684	12.272563154099208	12.091754176730769	38.23466114183997	0.036578877576364396
36.0	37.45215210791197	12.259161749184875	11.963681962074425	38.319710516243745	0.005293664584988683
37.0	37.31219970525267	12.300022286912034	11.994591761206692	38.35980125623505	0.03338499039355004
38.0	37.4275690693805	12.173085521648629	11.92667994164406	38.45195655447793	0.020708912848878377
39.0	37.438664603578516	12.258124382931051	11.975110565453354	38.32810044803708	0.0
40.0	37.509091989213296	12.20696006666539	12.02573382732898	38.25821411679233	0.0
41.0	37.47031294326765	12.200642180432993	12.03279853377008	38.29624634252928	0.0
42.0	37.53448709687757	12.081990710446059	11.94621660662632	38.43730558605006	0.0
43.0	37.44382685484306	12.23716516031505	11.947292121558059	38.365016679342	0.006699183941834954
44.0	37.51522486726259	12.179965399079117	12.023654050144977	38.28115568351332	0.0
45.0	37.63258961735143	12.213636806774229	12.03728806517121	38.11648551070313	0.0
46.0	37.72407127113538	12.149275145281795	11.980405872764077	38.146247710818756	0.0
47.0	37.70775696656683	12.122814599493694	11.914730749292938	38.25469768464654	0.0
48.0	37.75667263522732	12.031016763025736	11.986711017225074	38.22559958452187	0.0
49.0	37.61368258560302	12.101890527716044	11.946210075412637	38.338216811268296	0.0
50.0	37.710468234732616	12.019432920208173	11.909977640298159	38.36012120476105	0.0
51.0	37.755958521870134	12.055450704768027	11.958216508710159	38.19975308113803	0.030621183513648995
52.0	37.847031968702055	12.0977854626651	11.970384667384016	38.06480293599942	0.019994965249418205
53.0	37.8717682620882	12.045518093433621	11.952270704966638	38.12805114072093	0.002391798790614791
54.0	37.970565914431944	12.029129105159278	11.921343125849805	38.072206374536535	0.0067554800224386875
55.0	37.9332368781204	12.111486190402696	11.94535599267126	38.00848323575881	0.0014377030468341286
56.0	37.82421103880338	12.09622109648112	12.007772200327944	38.06410074184704	0.007694922540517775
57.0	37.77716545771093	12.094896337823165	12.010253211084487	38.11768499338142	0.0
58.0	37.74831441290143	12.14054663756692	11.876890822287315	38.234248127244335	0.0
59.0	37.71179276372925	12.068488754098485	11.898811308674459	38.30906185399091	0.011845319506894577
60.0	37.875488884392645	11.98608653463274	11.899683357730535	38.23873462405544	6.599188642954727E-6
61.0	37.94047849193891	11.994270084600888	11.885900922228048	38.1781612286296	0.001189272602555271
62.0	37.81712813951161	12.058918419484641	11.960575958966334	38.16337748203742	0.0
63.0	37.865893667533626	12.030723019492205	12.017906085188963	38.085477227785205	0.0
64.0	37.75556869255203	12.110522157140807	12.001495256387987	38.13241389391918	0.0
65.0	37.70225835445299	12.108639419696425	12.002905555949253	38.18164054989313	0.004556120008201016
66.0	37.77434468873205	12.094697478093993	11.967277967279031	38.16288839905147	7.91466843458633E-4
67.0	37.7571317864825	12.104027289296718	11.946600310577933	38.192233953168206	6.660474645404656E-6
68.0	37.702834960015345	12.071486757743783	11.909292165857794	38.31638611638307	0.0
69.0	37.729655452183685	12.099479648737844	11.889043574791657	38.27956984937032	0.0022514749164983406
70.0	37.74994783866026	12.109260039702843	11.860732501794363	38.26663618847354	0.013423431368993264
71.0	37.70138815483303	12.025728511664948	11.847492860285062	38.38778074662177	0.03760972659518428
72.0	37.84613318606131	12.108620953026826	11.85438870078879	38.18940682162683	0.001450338496247417
73.0	37.801701955291875	12.187882206930713	11.859586569602852	38.15082926817456	0.0
74.0	37.78371297406909	12.127821781837936	11.898671360193477	38.189793883899505	0.0
75.0	37.94902873127622	12.071759526511139	11.901557775760391	38.04665049787169	0.031003468580563714
76.0	38.048903574565756	12.040760758350073	11.947507687374575	37.95728759050909	0.005540389200502897
77.0	37.98594124240234	12.02291783816202	11.990802823843792	38.00033809559185	0.0
78.0	37.95455510262578	12.015806920825815	12.046779574214316	37.98285840233409	0.0
79.0	37.81952982459866	12.044656004362606	12.00816028495248	38.12765388608626	0.0
80.0	37.83849543049884	11.998353654922225	11.953491160819933	38.20964611152269	1.3642236309043855E-5
81.0	37.919640438229926	12.026158821533645	11.976972427385808	38.0742545697715	0.002973743079125698
82.0	37.84026657958283	12.056899217136257	12.002741331826268	38.099544714720736	5.481567339067692E-4
83.0	37.909535290290854	12.075174297988802	11.991281340622646	38.023837384462624	1.7168663508136195E-4
84.0	37.98229579918662	12.007598214627464	12.018103483646339	37.982495440603095	0.00950706193647768
85.0	38.01539838275781	12.03996653467652	11.98388734252054	37.96074774004513	0.0
86.0	38.01876412185214	11.981848198405046	11.921972271786338	38.07737389471869	4.151323777585633E-5
87.0	37.9814608210406	12.035295293657935	11.899650885951383	38.07820995442933	0.0053830449207468035
88.0	38.01002644854011	12.055568017611494	11.82940778571292	38.09940547298719	0.005592275148283974
89.0	38.07928853983195	12.009489148533463	11.824178190888002	38.082866429228716	0.0041776915178634326
90.0	38.075190544654305	11.996157912509627	11.867638365368448	38.06088028650731	1.3289096030924704E-4
91.0	38.047934336970584	12.009048841802686	11.89598742455674	38.047015366587814	1.4030082179803359E-5
92.0	38.0463307210789	11.967541742464451	11.937925105865931	38.04820243059071	0.0
93.0	38.06507752283518	12.009208679892286	11.891559154778369	38.03368172923627	4.729132578973162E-4
94.0	37.89787601442457	12.061577802683646	11.913511483530066	38.12281475262226	0.004219946739457444
95.0	37.954127726144364	11.98104914312146	11.92015404123848	38.144299726927414	3.693625682859048E-4
96.0	38.02935866506046	12.011498614515292	11.918225581923176	38.04089576031346	2.137818762138802E-5
97.0	38.04155404622798	12.038830564426803	11.942716509367456	37.97689173023031	7.149747456620338E-6
98.0	38.053890617516565	11.971146823860668	11.99174352706813	37.98319750939873	2.1522155911662743E-5
99.0	38.12656094485908	11.961155031888016	11.96788580236471	37.944290240613164	1.0798027502720023E-4
100.0	38.204948252377704	11.951044108919778	11.900540827940285	37.94346681076223	0.0
101.0	38.19261496357681	11.971580654794508	11.895774080749225	37.94003030087945	0.0
102.0	38.1999624088956	11.957260238646029	11.927171346526313	37.91560600593206	0.0
103.0	38.171980890849824	12.038852253198431	11.946549302615347	37.842617553336396	0.0
104.0	38.134220197543065	11.988113399953228	11.938276772891456	37.93938962961225	0.0
105.0	38.140712529593316	12.054768350723027	11.94994670977865	37.85457240990501	0.0
106.0	38.14022678406317	11.975441908181434	11.920290874793931	37.940505582657075	0.02353485030439071
107.0	38.12092478393628	11.955109206019742	11.903329706592972	38.020636303451006	0.0
108.0	38.22938562068534	11.844098422380725	11.918613676750772	37.9608313930801	0.04707088710306089
109.0	38.21019942697026	11.910710715680084	11.926359054077757	37.9527308032719	0.0
110.0	38.19176014564529	11.865775871330742	11.945373555415026	37.99709042760894	0.0
111.0	38.22535190877637	11.954907842607382	11.987842740086958	37.8109437356136	0.020953772915691487
112.0	38.28494417608487	11.887676544262746	11.993738083127377	37.833641196525	0.0
113.0	38.20328844617138	11.893467694127988	12.06032088568111	37.84292297401952	0.0
114.0	38.27247155601267	11.914577809953933	12.058912108113509	37.75403852591989	0.0
115.0	38.26946897289532	11.90366701406423	11.995837368824164	37.83090385273618	1.2279148011315233E-4
116.0	38.28819941498109	11.906273614265462	11.947259941439512	37.858267029313936	0.0
117.0	38.41209554287205	11.956252056112	11.938652860593535	37.69299954042242	0.0
118.0	38.37686743882196	11.905859142691407	11.896122430093556	37.82115098839308	0.0
119.0	38.39924983876289	11.854068016641953	11.872565507318516	37.87411663727664	0.0
120.0	38.411847224125474	11.858057911065313	11.858183702480032	37.87010291074258	0.0018082515866031828
121.0	38.347521486176305	11.9434390039859	11.833868852409772	37.869589781083405	0.005580876344617691
122.0	38.309332244607766	11.91222849627889	11.85241854312048	37.92602071599286	0.0
123.0	38.387671872494856	11.930077544732766	11.888740388431799	37.79351019434058	0.0
124.0	38.46434879431102	11.90979675703043	11.898938456566476	37.726915992092074	0.0
125.0	38.39510609519879	11.925325072641074	11.839381132596962	37.76709458628248	0.07309311328068369
126.0	38.55878592568832	11.91293454645097	11.83143578082327	37.69684374703744	0.0
127.0	38.38622448662932	11.992839939541767	11.840714379279042	37.780221194549874	0.0
128.0	38.483243101209894	11.89519872525205	11.93612669687576	37.685431476662295	0.0
129.0	38.54845803731759	12.005911360296977	11.923951888188059	37.52167871419738	0.0
130.0	38.64016847013795	12.090672629663588	11.759062599001782	37.51009630119668	0.0
131.0	38.705790730625004	12.319325709591254	11.518361886433627	37.45652167335011	0.0
132.0	35.94506902786371	10.643443789496754	13.56453313484454	39.846954047794995	0.0
